0 0.07288643125 0.9630052240663901 0.16571244062499998 0.966120041493776 0.189433975 0.11300199170124481 0.0953897171875 0.11369135892116183 0.07288643125 0.9630052240663901
0 0.184933978125 0.9474311307053942 0.22243943124999999 0.9511689273858921 0.2374958140625 0.17214903941908713 0.200873803125 0.172827510373444 0.184933978125 0.9474311307053942
0 0.2908868765625 0.20771345643153527 0.26510187812499997 0.21082827385892117 0.253850234375 0.9082752489626557 0.2796964546875 0.9068176307053942 0.2908868765625 0.20771345643153527
0 0.28760516406250003 0.9013772323651452 0.3171406859375 0.9026231410788381 0.331674078125 0.2855385186721992 0.2984522953125 0.28733013278008296 0.28760516406250003 0.9013772323651452
0 0.316671875 0.9150370124481328 0.33589341250000004 0.9169059232365144 0.3508955796875 0.1927169336099585 0.3336194953125 0.19160530497925313 0.316671875 0.9150370124481328
0 0.339643971875 0.9125905746887967 0.3593343203125 0.9138365062240664 0.3758201359375 0.19549655809128633 0.3574590765625 0.1952087738589212 0.339643971875 0.9125905746887967
0 0.362616034375 0.9088073755186723 0.3898075015625 0.9094303547717842 0.4021955359375 0.3962852199170125 0.37293009062500004 0.3970036307053942 0.362616034375 0.9088073755186723
0 0.3893387265625 0.9156599917012448 0.40809145312500006 0.9156599917012448 0.42681257656250005 0.19549655809128633 0.40527851562499995 0.1946766286307054 0.3893387265625 0.9156599917012448
0 0.43950225468750004 0.8528314439834025 0.4826335125 0.8565692406639004 0.48835517656249994 0.40251122406639006 0.445128059375 0.40630269709543565 0.43950225468750004 0.8528314439834025
0 0.48572968124999993 0.9059132800829875 0.5405813921875 0.907159163900415 0.54345045625 0.2849953796680498 0.48948020625 0.2838448817427386 0.48572968124999993 0.9059132800829875
0 0.555583559375 0.9052448755186723 0.6034030328125 0.904621898340249 0.5938567765625 0.27799112448132784 0.54386310625 0.27943876556016595 0.555583559375 0.9052448755186723
0 0.6062159359375 0.9569054585062241 0.646534290625 0.9550365726141079 0.638401896875 0.1846010497925311 0.600121284375 0.18359313485477177 0.6062159359375 0.9569054585062241
0 0.6474719125 0.9164582178423237 0.701854846875 0.9208189688796681 0.693497178125 0.2670956161825726 0.6399708640624999 0.26951672199170124 0.6474719125 0.9164582178423237
0 0.7112312109375 0.9388849024896266 0.7454549515625 0.9395078796680498 0.734525578125 0.17292729045643154 0.699979603125 0.17549459958506225 0.7112312109375 0.9388849024896266
0 0.76983348125 0.9545043962655602 0.8082765562500001 0.9513895788381742 0.7837596578125 0.18070979668049791 0.7449861046875 0.18114667219917013 0.76983348125 0.9545043962655602
0 0.8256228140624999 0.9687417551867219 0.8771928109375 0.9712336182572615 0.8631282671875 0.16361289004149376 0.8101350578125001 0.16981428838174273 0.8256228140624999 0.9687417551867219