0 0.037540971875 0.5012221638888888 0.05862117343749999 0.5012221638888888 0.041289078125 0.07216157222222222 0.0177307 0.07295855 0.037540971875 0.5012221638888888
0 0.0670024265625 0.5016736722222223 0.08935249375 0.5007706 0.0753837015625 0.07611928888888889 0.050714796875 0.07464406388888889 0.0670024265625 0.5016736722222223
0 0.0784314453125 0.07837693888888889 0.0921462515625 0.5039313222222223 0.10586105625 0.502576725 0.092606875 0.07960905277777777 0.0784314453125 0.07837693888888889
0 0.11297244531249999 0.502576725 0.1353225109375 0.5039313222222223 0.121233128125 0.07960905277777777 0.098495703125 0.07747386666666667 0.11297244531249999 0.502576725
0 0.1396401421875 0.503479813888889 0.16935558281250002 0.50302825 0.1585868984375 0.08271216944444444 0.126687271875 0.07927999166666667 0.1396401421875 0.503479813888889
0 0.174689134375 0.5035150833333334 0.2036426171875 0.5039666305555556 0.1959406671875 0.08333279166666666 0.163768065625 0.08160826666666667 0.174689134375 0.5035150833333334
0 0.361356490625 0.50678425 0.3872443921875 0.50678425 0.3830014640625 0.09228101944444445 0.3556988734375 0.09293565833333334 0.361356490625 0.50678425
0 0.39101613749999997 0.5071128777777777 0.40558880156250005 0.5068080833333333 0.4020894109375 0.0931189 0.3872443921875 0.09324046666666666 0.39101613749999997 0.5071128777777777
0 0.4078175421875 0.5070652222222222 0.42547615937499994 0.5073700027777778 0.4247121625 0.09353783888888889 0.40661743437500003 0.09356908055555556 0.4078175421875 0.5070652222222222
0 0.427190584375 0.5083082472222222 0.441248934375 0.5098322277777778 0.44262184062500004 0.09228101944444445 0.427876378125 0.09324046666666666 0.427190584375 0.5083082472222222
0 0.44484923125 0.508284425 0.4564201453125 0.5091987944444445 0.45841063593750003 0.0910242 0.44656365468750003 0.09110686944444445 0.44484923125 0.508284425
0 0.4608776546875 0.5083320666666666 0.475621753125 0.5080272861111111 0.48103809999999997 0.0956325388888889 0.46499229687500004 0.09572649999999999 0.4608776546875 0.5083320666666666
0 0.48865141406249996 0.5168187333333333 0.51419641875 0.5189523305555556 0.5179681640625 0.10027462777777778 0.49046424687499995 0.10149769722222222 0.48865141406249996 0.5168187333333333
0 0.6919886562500001 0.511514161111111 0.7178852234375 0.511514161111111 0.7312749265625 0.10165951388888889 0.702866640625 0.10149167777777779 0.6919886562500001 0.511514161111111
0 0.7315692015625 0.5136068777777777 0.7552586812500001 0.5138685 0.77247401875 0.10377268888888888 0.7457431984375 0.10257033333333333 0.7315692015625 0.5136068777777777
0 0.761144271875 0.5131246166666666 0.7860108546875 0.513647788888889 0.80602183125 0.10353155277777777 0.7787096078125 0.10364898888888889 0.761144271875 0.5131246166666666
0 0.799748015625 0.5140486583333334 0.813952765625 0.5140486583333334 0.84346963125 0.10715954722222223 0.8273340484375 0.10628534166666667 0.799748015625 0.5140486583333334
0 0.8228049890625 0.5118529388888888 0.8466854453125 0.5114869638888889 0.87821526875 0.10487176944444444 0.8510086250000001 0.10300308888888889 0.8228049890625 0.5118529388888888
0 0.8645957859375001 0.5140486583333334 0.8829178375 0.5129507861111111 0.9111592796875 0.10487176944444444 0.8907407484375 0.10410094722222221 0.8645957859375001 0.5140486583333334
0 0.8987695046875 0.5158784277777777 0.9121507875000001 0.5140486583333334 0.9366394140625 0.10670199166666666 0.9179150390625 0.10446691111111112 0.8987695046875 0.5158784277777777