0 0.047081859375 0.9322800539419087 0.09223274375 0.9334338340248962 0.096140040625 0.19539559543568466 0.0484150140625 0.1947303195020747 0.047081859375 0.9322800539419087
0 0.09831075781250001 0.9322800539419087 0.147368971875 0.9334338340248962 0.1526267234375 0.15725446265560164 0.10091561093750001 0.1555903153526971 0.09831075781250001 0.9322800539419087
0 0.149105553125 0.9310842302904564 0.19338816406249998 0.9333917904564315 0.20798919374999997 0.15941653112033197 0.1595249671875 0.15843270539419088 0.149105553125 0.9310842302904564
0 0.192519890625 0.9460833091286307 0.22551477968750003 0.9472370892116183 0.24272643125 0.2134682468879668 0.2072807375 0.21270223443983402 0.192519890625 0.9460833091286307
0 0.2424463453125 0.9362762302904565 0.2767437109375 0.9362762302904565 0.2919387296875 0.22308621369294607 0.2562956640625 0.22211652074688798 0.2424463453125 0.9362762302904565
0 0.30887029374999997 0.9564673112033195 0.377030790625 0.9553135290456432 0.3632212203125 0.15797515145228216 0.2888997390625 0.16016337136929462 0.30887029374999997 0.9564673112033195
0 0.3763353046875 0.9678629419087137 0.45665182812499994 0.9690167219917012 0.454406465625 0.02608896265560166 0.3685207109375 0.028082078838174276 0.3763353046875 0.9678629419087137
0 0.457085965625 0.9701705020746888 0.5391390687500001 0.9759393817427386 0.55698986875 0.02825103112033195 0.47011026562499997 0.030305564315352695 0.457085965625 0.9701705020746888
0 0.558241384375 0.9793586576763486 0.622928753125 0.980512437759336 0.6498456625 0.005006560165975104 0.5830427953124999 0.002306207468879668 0.558241384375 0.9793586576763486
0 0.711494009375 0.2304436244813278 0.6233628906249999 0.9535668941908714 0.6601160390625 0.9593819377593361 0.7540400734375 0.24025072614107884 0.711494009375 0.2304436244813278
0 0.7922446359374999 0.2224092489626556 0.761420496875 0.2172172489626556 0.6677148093749999 0.9485715933609958 0.6997721515624999 0.9535668941908714 0.7922446359374999 0.2224092489626556
0 0.701005934375 0.9448092842323652 0.7222789671875 0.9500012842323652 0.8225660796875 0.17969934854771785 0.8004247734375 0.1750842489626556 0.701005934375 0.9448092842323652
0 0.8203953625 0.3526816597510373 0.802161321875 0.3503741203319502 0.7426169765624999 0.8952405663900415 0.7830590390625 0.8969696286307054 0.8203953625 0.3526816597510373
0 0.9805942406250001 0.3139881265560166 0.8876875859375 0.3134112365145228 0.8633755640624999 0.9316249522821577 0.964609628125 0.9406440082987553 0.9805942406250001 0.3139881265560166