0 0.046512853124999996 0.9580884875518673 0.095557 0.9559862987551867 0.058114684375 0.16449685477178425 0.008043512499999999 0.16825690041493774 0.046512853124999996 0.9580884875518673
0 0.095557 0.962293 0.2084113359375 0.9657967468879668 0.171551225 0.12798729875518672 0.06022411875 0.1385180497925311 0.095557 0.962293
0 0.21104811875 0.9665485829875519 0.26958470156250003 0.9644463132780082 0.24690838906249998 0.15468636514522824 0.18473733125 0.15687636099585062 0.21104811875 0.9665485829875519
0 0.27011209062499997 0.9703844336099585 0.3740013796875 0.9700523298755187 0.3592353765625 0.11474366804979254 0.24868994375 0.11835761203319502 0.27011209062499997 0.9703844336099585
0 0.3792749453125 0.9668631763485477 0.44413975156249996 0.9654616721991701 0.43065820468749993 0.14724667219917015 0.36292685625 0.1493949937759336 0.3792749453125 0.9668631763485477
0 0.4625972359375 0.9871849211618257 0.5670138734375 0.9843819128630705 0.56384978125 0.10524777178423236 0.44582222656250003 0.11047877593360997 0.4625972359375 0.9871849211618257
0 0.6380114484375 0.9632174273858921 0.634847275 0.1394425020746888 0.566818296875 0.14224549792531122 0.577683284375 0.9675209419087137 0.6380114484375 0.9632174273858921
0 0.698657465625 0.134537265560166 0.6380114484375 0.13734025933609958 0.6438123640625 0.9653196970954356 0.7009733734375 0.9640192365145228 0.698657465625 0.134537265560166
0 0.7624676140625 0.12963203941908713 0.700766859375 0.13243500829875518 0.70445838125 0.9674219668049793 0.7589922390625 0.968396367219917 0.7624676140625 0.12963203941908713
0 0.8094023265624999 0.13663953526970957 0.7645770093750001 0.13874176348547718 0.7603582203125 0.9646189585062241 0.803825 0.9613929585062241 0.8094023265624999 0.13663953526970957
0 0.8595012109375 0.1330846908713693 0.8115118015625 0.1337854419087137 0.8062382343750001 0.9653196970954356 0.852613590625 0.9613929585062241 0.8595012109375 0.1330846908713693
0 0.910654871875 0.13663953526970957 0.8616106859375 0.13874176348547718 0.8537003359374999 0.9610641141078838 0.8987649609374999 0.9578912531120332 0.910654871875 0.13663953526970957