0 0.041188759375 0.9234188836477987 0.0801881546875 0.9199729056603773 0.0575995546875 0.35011523270440253 0.014935518749999998 0.3521745 0.041188759375 0.9234188836477987
0 0.082471034375 0.9187344339622642 0.126987409375 0.9187344339622642 0.10832900625 0.3522203270440251 0.0609738109375 0.3521445566037736 0.082471034375 0.9187344339622642
0 0.1300312765625 0.923711962264151 0.1791134296875 0.9225632955974843 0.1640268046875 0.3559042389937107 0.10986573125000001 0.3563862452830189 0.1300312765625 0.923711962264151
0 0.1832987296875 0.9245076698113208 0.2358052265625 0.9225932389937107 0.2244314609375 0.35643051257861635 0.16922091875 0.35635632075471696 0.1832987296875 0.9245076698113208
0 0.2400020671875 0.9256920220125787 0.28090529375 0.9238378836477987 0.2738384328125 0.35692685534591195 0.229499875 0.35757833333333333 0.2400020671875 0.9256920220125787
0 0.28403752656250003 0.9241507264150943 0.3273360140625 0.9237798899371069 0.321197240625 0.35896564150943394 0.27629907343750004 0.35794915723270443 0.28403752656250003 0.9241507264150943
0 0.32955594375 0.9255774465408805 0.3820180296875 0.9248067421383648 0.37852159531249996 0.3640251477987421 0.323811915625 0.36378237421383647 0.32955594375 0.9255774465408805
0 0.3869961734375 0.9278594528301887 0.43888383906249995 0.9274741006289308 0.44010522500000004 0.3650844811320755 0.38374122499999996 0.36496857232704405 0.3869961734375 0.9278594528301887
0 0.443078075 0.9152896194968553 0.4907950296875 0.9173849685534592 0.49066649375000004 0.3994965691823899 0.443251596875 0.3998801572327044 0.443078075 0.9152896194968553
0 0.49305075 0.918083427672956 0.5378179265624999 0.9194803333333333 0.54099070625 0.39997657547169807 0.4927037078125 0.3998801572327044 0.49305075 0.918083427672956
0 0.54143594375 0.9159437735849058 0.5726392312499999 0.917439037735849 0.57831714375 0.40090812264150943 0.5449648859375 0.40012958490566036 0.54143594375 0.9159437735849058
0 0.5741251015625 0.915914572327044 0.6062570546875 0.9166621823899371 0.613803415625 0.4019357327044025 0.5795113749999999 0.39981422641509434 0.5741251015625 0.915914572327044
0 0.615172271875 0.9619231855345912 0.6528762546875 0.9630446352201258 0.6638416125 0.3757316698113207 0.6240875031249999 0.3765791603773585 0.615172271875 0.9619231855345912
0 0.6556527515624999 0.965968317610063 0.6928744203125 0.9650200283018868 0.7047039500000001 0.37360056289308174 0.66743176875 0.37533109748427673 0.6556527515624999 0.965968317610063
0 0.6942879046875 0.9635605503144654 0.730331675 0.9649829716981131 0.7461519296875 0.3781624496855346 0.7081871484375 0.3782500849056604 0.6942879046875 0.9635605503144654
0 0.7331586453125001 0.965968317610063 0.759308059375 0.9645458962264151 0.7791807875 0.3755556572327044 0.7489425296875 0.37533109748427673 0.7331586453125001 0.965968317610063
0 0.76142826875 0.9679390251572327 0.7979432125 0.9674648710691823 0.8186858921875 0.3781624496855346 0.7802746890625001 0.3763164433962264 0.76142826875 0.9679390251572327
0 0.8010057906249999 0.9679390251572327 0.8401120984375 0.9660424496855347 0.8649910562500001 0.37620735534591193 0.820323346875 0.3767905754716981 0.8010057906249999 0.9679390251572327
0 0.8428010406249999 0.9637186320754718 0.8826418015625 0.9681733867924529 0.9091859 0.37810636477987425 0.8667457453124999 0.3774012610062893 0.8428010406249999 0.9637186320754718
0 0.8882758515625 0.9718814874213837 0.93053119375 0.9739063773584905 0.9584167078125001 0.37810636477987425 0.9128241890625001 0.3778062327044025 0.8882758515625 0.9718814874213837
0 1 0.3794261352201258 0.961719675 0.3794261352201258 0.934756740625 0.9722864591194968 0.971415853125 0.9742614905660377 1 0.3794261352201258
0 1 0.4422291257861635 0.972786553125 0.9702299150943396 1 0.9709216855345912 1 0.4422291257861635