0 0.026636990625000002 0.8975055 0.0848433265625 0.8986346182572614 0.0776567078125 0.16870415145228215 0.018989465625 0.169073734439834 0.026636990625000002 0.8975055
0 0.08569304062500001 0.8986757634854772 0.1409253109375 0.9054504315352696 0.14458383749999998 0.17011472199170125 0.08059469062499999 0.17193766597510374 0.08569304062500001 0.8986757634854772
0 0.15791985625 0.8941593112033195 0.20635431406250002 0.8941593112033195 0.209753203125 0.1787123547717842 0.15945653437500001 0.17787285477178424 0.15791985625 0.8941593112033195
0 0.208053775 0.8930301929460581 0.2505401046875 0.8947238589211618 0.250817378125 0.1792834253112033 0.20932834687500002 0.17810666182572613 0.208053775 0.8930301929460581
0 0.2501152796875 0.9257333547717843 0.3796986828125 0.9268624730290456 0.3856467484375 0.13011929875518674 0.247630371875 0.13061876556016597 0.2501152796875 0.9257333547717843
0 0.39592319374999996 0.8961969688796682 0.4486062890625 0.8973260663900415 0.45425460624999997 0.1884521286307054 0.40059668750000005 0.18909496680497925 0.39592319374999996 0.8961969688796682
0 0.4537046390625 0.9017602510373444 0.4902429046875 0.9040184668049792 0.4962168546875 0.18422041908713693 0.45752841875000005 0.18401393360995852 0.4537046390625 0.9017602510373444
0 0.4940666828125 0.9005488423236515 0.53825250625 0.9011134024896266 0.54614661875 0.18986269917012447 0.5021390984375 0.19018291908713691 0.4940666828125 0.9005488423236515
0 0.5459000640625 0.9023247987551867 0.6002825875 0.9051475850622407 0.6051062328125 0.18563098962655603 0.549298953125 0.18679557468879668 0.5459000640625 0.9023247987551867
0 0.60495608125 0.9023247987551867 0.6640121296875 0.9017602510373444 0.67256453125 0.1884521286307054 0.6100544640625001 0.19078861203319503 0.60495608125 0.9023247987551867
0 0.6725094031250001 0.9006723195020747 0.7328400234375 0.9023659439834024 0.7378981578125 0.18563098962655603 0.675058578125 0.18853038589211618 0.6725094031250001 0.9006723195020747
0 0.738788153125 0.901236825726141 0.7974193453125 0.9068823962655602 0.8085434625 0.1884521286307054 0.7455859312500001 0.19191775311203318 0.738788153125 0.901236825726141
0 0.802573390625 0.90454927593361 0.842935434375 0.90454927593361 0.85263038125 0.18774684439834025 0.8106458062499999 0.19067257468879667 0.802573390625 0.90454927593361