0 0.08015192812500001 0.9126105272727273 0.11546783593750001 0.9111533848484848 0.12500394374999999 0.29465921818181817 0.0906715671875 0.29461539696969696 0.08015192812500001 0.9126105272727273
0 0.11822297343749999 0.9106827181818182 0.1690678296875 0.9092255666666668 0.1810902703125 0.22177318181818179 0.130014121875 0.21935471818181818 0.11822297343749999 0.9106827181818182
0 0.171572503125 0.9111383393939394 0.1938641 0.910166903030303 0.20388279374999999 0.21301526666666667 0.1833444796875 0.21301526666666667 0.171572503125 0.9111383393939394
0 0.1966192359375 0.9106827181818182 0.2216659703125 0.9097112818181818 0.23115709843749999 0.21449636363636362 0.20538559374999998 0.21885889393939392 0.1966192359375 0.9106827181818182
0 0.22492205312500002 0.9116240454545455 0.25097065937499996 0.9087097636363636 0.2577736703125 0.21753283636363638 0.2339388734375 0.2169160303030303 0.22492205312500002 0.9116240454545455
0 0.25748282499999997 0.9121097727272727 0.28328092968749996 0.909681196969697 0.2875216046875 0.2181401303030303 0.2637445078125 0.21834307575757575 0.25748282499999997 0.9121097727272727
0 0.5164563859375 0.9011094969696969 0.58215138125 0.9004442181818182 0.5732539203125 0.21177271818181817 0.5133688890625 0.21107620909090907 0.5164563859375 0.9011094969696969
0 0.5860965031250001 0.898126096969697 0.626920025 0.8974608424242424 0.6152851078125 0.20969325454545454 0.5752902843750001 0.2110865121212121 0.5860965031250001 0.898126096969697
0 0.6284637609375 0.8974505393939394 0.669287284375 0.8947894727272727 0.6566729609374999 0.20844557575757577 0.61782906875 0.2077602 0.6284637609375 0.8974505393939394
0 0.6727169359375 0.8935122030303031 0.7425162171874999 0.890777715151515 0.7276813171875001 0.21248829393939395 0.6598498984375001 0.21416397272727272 0.6727169359375 0.8935122030303031
0 0.7441025671875 0.8818800272727272 0.7999772484375 0.8791455393939394 0.7834330515625 0.3005264848484848 0.731235521875 0.3027248393939394 0.7441025671875 0.8818800272727272
0 0.8166532984374999 0.8907671242424242 0.8615998156250001 0.8890580696969697 0.83939094375 0.20631290606060607 0.7946803578125 0.20650511515151515 0.8166532984374999 0.8907671242424242
0 0.84203485625 0.20560810303030302 0.8651250328125 0.8886950848484849 0.898085796875 0.8873278333333334 0.8733498000000001 0.20394089696969694 0.84203485625 0.20560810303030302