0 0.059072976562500004 0.9201366862745097 0.08414590625 0.9205959725490196 0.0961440734375 0.3038967960784314 0.0720669765625 0.3045292196078431 0.059072976562500004 0.9201366862745097
0 0.08561000937499999 0.9192038901960785 0.1094018328125 0.9210410274509804 0.11879581875 0.3050453098039215 0.0965908515625 0.30501696470588235 0.08561000937499999 0.9192038901960785
0 0.11178102187500001 0.9201082274509804 0.13630490312500002 0.9201082274509804 0.1467100921875 0.3090651058823529 0.123310896875 0.3077727254901961 0.11178102187500001 0.9201082274509804
0 0.13813504375000002 0.9205817411764706 0.163207959375 0.9210410274509804 0.1734803375 0.30849085098039214 0.1502139671875 0.31005495294117646 0.13813504375000002 0.9205817411764706
0 0.17217564999999999 0.9160315137254902 0.19615049843750001 0.9160315137254902 0.205741915625 0.3372036980392157 0.1829734796875 0.3376124588235294 0.17217564999999999 0.9160315137254902
0 0.19724856562499998 0.9159888235294117 0.22872697187500002 0.916907431372549 0.23868990937499998 0.34064923921568624 0.20768035937499998 0.3408701803921569 0.19724856562499998 0.9159888235294117
0 0.2324081578125 0.9161410980392157 0.26052394843750004 0.9170068588235294 0.270034115625 0.340002937254902 0.2418950828125 0.34116972549019603 0.2324081578125 0.9161410980392157
0 0.2646637015625 0.9187249725490196 0.291399596875 0.9182921019607844 0.3010873921875 0.3405441725490196 0.273460665625 0.34116972549019603 0.2646637015625 0.9187249725490196
0 0.332969565625 0.3416160156862745 0.3050262625 0.3424817803921569 0.298930915625 0.917499168627451 0.3277948796875 0.916573968627451 0.332969565625 0.3416160156862745
0 0.33060180625 0.9177222156862744 0.35541485625 0.9177222156862744 0.3614941734375 0.34076750588235294 0.3362224484375 0.3409982274509804 0.33060180625 0.9177222156862744
0 0.3596646015625 0.9190983725490196 0.3859856140625 0.9184102823529412 0.39148728906249997 0.34420873333333335 0.364599790625 0.3444599176470588 0.3596646015625 0.9190983725490196
0 0.3887273875 0.9183996235294117 0.415596765625 0.9190877137254903 0.42062345937499995 0.34291827058823526 0.39325131562500004 0.34271841568627454 0.3887273875 0.9183996235294117
0 0.420669040625 0.9187543137254902 0.44493372343750004 0.9184102823529412 0.44633184375 0.34205796470588234 0.4219028296875 0.34168630588235294 0.420669040625 0.9187543137254902
0 0.4486509515625 0.9182759450980392 0.4730584140625 0.9177386235294117 0.47195590000000004 0.34275207843137256 0.4486509515625 0.3443161843137255 0.4486509515625 0.9182759450980392
0 0.47798273281250003 0.9198712117647059 0.5034606828125 0.9193339137254902 0.5011319390625 0.3420802784313725 0.47562761406250004 0.3442995372549019 0.47798273281250003 0.9198712117647059
0 0.5081709046875 0.9257815764705882 0.5304373453125 0.9252442745098038 0.5238838968749999 0.30580310588235293 0.5017478890625 0.3066880901960784 0.5081709046875 0.9257815764705882
0 0.5338629671875 0.9279474549019607 0.553560209375 0.9263355176470588 0.5471711953125 0.3051313098039216 0.5261553515624999 0.30403486274509806 0.5338629671875 0.9279474549019607
0 0.5571999109375 0.9274267803921569 0.5768971859375001 0.9263521843137255 0.5709938328125 0.30311590980392156 0.5501346203125 0.30457216078431376 0.5571999109375 0.9274267803921569
0 0.5783958828125 0.9274101568627451 0.604730253125 0.9279474549019607 0.6009728828124999 0.3105057019607843 0.5760407640625 0.3099452235294118 0.5783958828125 0.9274101568627451
0 0.6076349750000001 0.9273848470588235 0.6294046375 0.9279002666666666 0.6250061046875001 0.3094496196078432 0.6031167328125 0.3103151411764706 0.6076349750000001 0.9273848470588235
0 0.6337174921875001 0.9268534823529412 0.6569247828125 0.9268534823529412 0.6527362250000001 0.30493869411764707 0.630020765625 0.3056924470588235 0.6337174921875001 0.9268534823529412
0 0.6604161390625001 0.9273529137254902 0.681364315625 0.9268375137254903 0.676614940625 0.30300543921568623 0.655692540625 0.3020686392156863 0.6604161390625001 0.9273529137254902
0 0.6895792843749999 0.9263221137254902 0.7125812046875 0.9258067137254902 0.706419978125 0.30361485490196083 0.684060990625 0.3036498549019608 0.6895792843749999 0.9263221137254902
0 0.720796171875 0.9258067137254902 0.745030303125 0.9268375137254903 0.7376368515625 0.30156919607843136 0.71538575625 0.30300543921568623 0.720796171875 0.9258067137254902
0 0.9155401078125 0.9400714117647059 0.9332503734375001 0.9413413019607844 0.9211061875000001 0.28724974117647056 0.90425988125 0.2864282274509804 0.9155401078125 0.9400714117647059