0 0.06466035 0.7899116378830084 0.1133181328125 0.7889332924791087 0.10033053437499999 0.29004887186629524 0.046332540625 0.28968529526462394 0.06466035 0.7899116378830084
0 0.11715952968750001 0.7889332924791087 0.169658709375 0.7895855403899721 0.156963778125 0.2923747353760446 0.1038060875 0.289396635097493 0.11715952968750001 0.7889332924791087
0 0.174627690625 0.792194442896936 0.2214562328125 0.792194442896936 0.212279396875 0.29416769359331474 0.1614271265625 0.29298389693593313 0.174627690625 0.792194442896936
0 0.22566347343749998 0.792194442896936 0.2715773890625 0.7928466908077995 0.2645627140625 0.2977536155988858 0.217248975 0.29428835654596097 0.22566347343749998 0.792194442896936
0 0.4574194078125 0.7917346295264623 0.49917695625 0.7923905376044569 0.49742579062500003 0.30168407242339834 0.45245264531249996 0.30315905571030644 0.4574194078125 0.7917346295264623
0 0.5039597671875 0.7930464456824512 0.5411184812500001 0.7923905376044569 0.5409160671875 0.30303636490250696 0.50120045 0.3051011225626741 0.5039597671875 0.7930464456824512
0 0.5453494125 0.7963259470752089 0.5893144140625 0.7963259470752089 0.5914861578124999 0.30303636490250696 0.5447975484375001 0.3045221448467966 0.5453494125 0.7963259470752089
0 0.59268453125 0.7943582646239554 0.633522328125 0.7959980139275766 0.640549259375 0.30393789415041783 0.594891984375 0.30608497771587745 0.59268453125 0.7943582646239554
0 0.639776753125 0.8038944623955432 0.678407096875 0.8042224233983286 0.6853037890625 0.3517188802228412 0.6460311953125 0.35174709749303623 0.639776753125 0.8038944623955432
0 0.68263804375 0.8058621754874652 0.717037440625 0.8065180835654596 0.7265184125 0.3517188802228412 0.689812253125 0.35174709749303623 0.68263804375 0.8058621754874652
0 0.720716525 0.8068460306406686 0.754564071875 0.8068460306406686 0.7644459796875 0.3503665905292479 0.728994459375 0.35174709749303623 0.720716525 0.8068460306406686
0 0.757311778125 0.8071483314763231 0.7955742015625 0.8071483314763231 0.8074305562499999 0.35397270194986075 0.767256884375 0.3534125069637883 0.757311778125 0.8071483314763231
0 0.8010928203125 0.8120676100278551 0.825190803125 0.810427860724234 0.841302403125 0.27914587186629525 0.8148893734374999 0.27984888857938717 0.8010928203125 0.8120676100278551
0 0.838815734375 0.8258671949860725 0.8941858781249999 0.8301305515320334 0.9189274921875 0.1849361894150418 0.8597864812499999 0.18865284401114207 0.838815734375 0.8258671949860725
0 0.902279853125 0.8301305515320334 0.9558104765625 0.8304585264623956 0.9889222015625 0.18963670194986074 0.9280301078125 0.1849361894150418 0.902279853125 0.8301305515320334