0 0.06402919375 0.8116253032258065 0.10615438749999999 0.8136131870967742 0.09736625156249999 0.14841642258064516 0.053196990624999996 0.14834671290322582 0.06402919375 0.8116253032258065
0 0.12444875468750001 0.8176278870967741 0.16488894999999998 0.8181248580645162 0.1559303875 0.1531980419354839 0.11265370156250001 0.15182553548387098 0.12444875468750001 0.8176278870967741
0 0.18462761249999998 0.8037513774193549 0.2135134796875 0.803254406451613 0.2106248859375 0.16218434193548387 0.180414828125 0.15934583548387096 0.18462761249999998 0.8037513774193549
0 0.21832777343749998 0.8042483483870968 0.2508243796875 0.8052423129032258 0.24923595937499998 0.16412745161290324 0.214717053125 0.1623009258064516 0.21832777343749998 0.8042483483870968
0 0.251065103125 0.8200739225806452 0.29246812968749997 0.8205708741935483 0.2912565546875 0.12314216129032259 0.24962080625 0.11998013548387096 0.251065103125 0.8200739225806452
0 0.29813432500000003 0.8210678677419354 0.3354452046875 0.8220618096774194 0.3422106609375 0.1306561322580645 0.3017450453125 0.12590501612903227 0.29813432500000003 0.8210678677419354
0 0.3462774078125 0.8205708741935483 0.38551405 0.8215648580645161 0.39538336093750004 0.13182987741935484 0.352798528125 0.1286068677419355 0.3462774078125 0.8205708741935483
0 0.415537309375 0.13290154516129032 0.40422368124999997 0.8256572387096774 0.44875604375 0.8246632967741936 0.4603315453125 0.1374870129032258 0.415537309375 0.13290154516129032
0 0.456273415625 0.8112448967741935 0.48275211406249996 0.8097539806451612 0.4959362953125 0.17717138064516127 0.4696091625 0.17300759677419353 0.456273415625 0.8112448967741935
0 0.485881409375 0.8121222935483872 0.5123601078125 0.8121222935483872 0.5265057093750001 0.17847230322580646 0.49984290781249996 0.17663554516129032 0.485881409375 0.8121222935483872
0 0.5234330125 0.8305104322580645 0.5720575421875 0.8305104322580645 0.5890402953125 0.14295171935483872 0.538598084375 0.13985922903225806 0.5234330125 0.8305104322580645
0 0.5821675749999999 0.8330341741935483 0.63247714375 0.8330341741935483 0.6489279140625 0.1504656870967742 0.596851221875 0.14735275161290323 0.5821675749999999 0.8330341741935483
0 0.6468564828125001 0.8414439322580646 0.682482384375 0.8419409258064516 0.6992335140625 0.16754289032258066 0.6629844234375 0.1662378806451613 0.6468564828125001 0.8414439322580646
0 0.6832045328125 0.8255795161290322 0.7154603953125 0.8270704516129033 0.7316588546875 0.17095833225806453 0.7000546015625 0.17021369354838708 0.6832045328125 0.8255795161290322
0 0.7250577046875 0.833531164516129 0.745037109375 0.833531164516129 0.7567918031249999 0.1894017129032258 0.7368527578124999 0.18860187419354837 0.7250577046875 0.833531164516129
0 0.747684959375 0.835519070967742 0.76718291875 0.835519070967742 0.780662971875 0.18959581612903226 0.7604428828125 0.19009278709677419 0.747684959375 0.835519070967742
0 0.769590065625 0.8365130161290322 0.7924580437500001 0.835519070967742 0.8077459093750001 0.15456421612903226 0.7840329890625 0.15431043548387097 0.769590065625 0.8365130161290322
0 0.7934208953125 0.8300911838709677 0.8365089609374999 0.8315821000000001 0.8537369546875 0.19418332903225807 0.8088266890625 0.19410747419354837 0.7934208953125 0.8300911838709677
0 0.8600990671875 0.8638856290322581 0.8832077671875 0.8638856290322581 0.9094457437499999 0.09264638709677418 0.8848388109374999 0.09172010645161291 0.8600990671875 0.8638856290322581
0 0.8942806531249999 0.8693523806451613 0.9296658515624999 0.8708433161290323 0.953737403125 0.15882208387096775 0.9162715390624999 0.15797965806451614 0.8942806531249999 0.8693523806451613