0 0.0627337484375 0.9787492690763053 0.08329028125 0.9739828634538154 0.02780309375 0.20813254216867472 0.00471333125 0.2087283453815261 0.0627337484375 0.9787492690763053
0 0.0874634125 0.9772101124497993 0.105856096875 0.975224108433735 0.0502626515625 0.20962204417670682 0.0295032578125 0.20882765060240965 0.0874634125 0.9772101124497993
0 0 0.45599474698795184 0.032810624999999996 0.9989512851405622 0.046666178125 0.9979364176706828 0 0.2646913293172691 0 0.45599474698795184
0 0.081384859375 0.20354529317269077 0.05156896875 0.20354529317269077 0.10841064062500001 0.9813813172690763 0.130551453125 0.980303032128514 0.081384859375 0.20354529317269077
0 0.135685309375 0.2400172730923695 0.099945740625 0.2440767469879518 0.1503879890625 0.9454167871485945 0.1807053453125 0.9417378674698795 0.135685309375 0.2400172730923695
0 0.1843397953125 0.9291429799196788 0.23863477031250002 0.9282158674698795 0.202716571875 0.24881446184738956 0.1410481453125 0.2548986506024096 0.1843397953125 0.9291429799196788
0 0.23953668281249998 0.931924313253012 0.2691193078125 0.9323878674698796 0.2339626984375 0.2561154939759036 0.2034602828125 0.2612725702811245 0.23953668281249998 0.931924313253012
0 0.2702016078125 0.9328514417670682 0.3001450328125 0.931924313253012 0.2692667640625 0.25872300401606424 0.23737208281250002 0.25901275100401605 0.2702016078125 0.9328514417670682
0 0.3362750984375 0.9304202851405623 0.356627340625 0.9282040843373494 0.33437784531250003 0.26034924899598394 0.3108174546875 0.26084789558232935 0.3362750984375 0.9304202851405623
0 0.3583521125 0.929090562248996 0.3752548203125 0.9282040843373494 0.3534985390625 0.2553627751004016 0.33524023125 0.25552899598393575 0.3583521125 0.929090562248996
0 0.37611720625 0.9308635261044177 0.3923300109375 0.9299770722891566 0.37289903281250003 0.2548641285140562 0.35421266406249996 0.2550303493975904 0.37611720625 0.9308635261044177
0 0.39250249375 0.9316946265060241 0.41423457812500003 0.9294784136546185 0.396373628125 0.26034924899598394 0.37404749531250003 0.2621776144578313 0.39250249375 0.9316946265060241
0 0.41578684531250004 0.9215000401606426 0.4328620359375 0.9241594979919678 0.42081825000000006 0.2778018995983936 0.399746521875 0.2797964979919678 0.41578684531250004 0.9215000401606426
0 0.4330946921875 0.9362894779116465 0.44824492656250003 0.936663827309237 0.4371920453125 0.3209720843373494 0.42129499218750005 0.32214198795180726 0.4330946921875 0.9362894779116465
0 0.448827625 0.9378337590361445 0.4652889578125 0.9370850040160643 0.4565273203125 0.3226567309236948 0.440524140625 0.32359264658634534 0.448827625 0.9378337590361445
0 0.4671827140625 0.9367574337349398 0.48058485156249997 0.9363830562248996 0.476360259375 0.32246954618473894 0.4620985015625 0.3226567309236948 0.4671827140625 0.9367574337349398
0 0.4979202015625 0.34755207228915663 0.48786861875 0.347926437751004 0.4922388921875 0.904842718875502 0.5015883421875 0.9047023293172691 0.4979202015625 0.34755207228915663
0 0.5213739421875 0.3015986546184739 0.49879428125 0.3008499116465863 0.501999115625 0.905685032128514 0.5237092078125001 0.9076504618473895 0.5213739421875 0.3015986546184739
0 0.54912460625 0.30332114859437753 0.5256652359375 0.3026360642570281 0.5272647328125 0.9091499156626507 0.5501066359375 0.9098778072289156 0.54912460625 0.30332114859437753
0 0.57511650625 0.3025932449799197 0.5508573984375 0.3032783293172691 0.5525901906249999 0.9108198273092369 0.5748449421874999 0.9110338875502009 0.57511650625 0.3025932449799197
0 0.6109720484375 0.31942063052208836 0.578582109375 0.31907808835341367 0.5763161515624999 0.9022562690763052 0.607229634375 0.9037120441767069 0.6109720484375 0.31942063052208836
0 0.6089645515625 0.8942085542168674 0.639527309375 0.8910438714859438 0.6450022515625 0.3256407951807229 0.6116513921875 0.32441808032128516 0.6089645515625 0.8942085542168674
0 0.64243804375 0.8982363614457831 0.6740083718750001 0.8967978755020081 0.682527925 0.32661178313253014 0.6481475750000001 0.3273670120481928 0.64243804375 0.8982363614457831
0 0.67691910625 0.8959347469879518 0.7058025781249999 0.8967978755020081 0.716527696875 0.32693544578313255 0.6854274328125001 0.32761873493975907 0.67691910625 0.8959347469879518
0 0.7061789421875 0.8869629036144577 0.7254618984375 0.8869629036144577 0.736902728125 0.3414572369477912 0.7170177390625 0.34242889156626505 0.7061789421875 0.8869629036144577
0 0.7267222265625 0.884817156626506 0.74474485625 0.884817156626506 0.7573166796875 0.33854225702811247 0.7380651421875 0.3385017710843373 0.7267222265625 0.884817156626506
0 0.746005184375 0.8818212048192771 0.7642798765625 0.8850600682730924 0.77843945 0.34327909638554216 0.75860841875 0.3430361847389558 0.746005184375 0.8818212048192771
0 0.7805380515625 0.8860317550200802 0.807382975 0.8866795060240964 0.8237671859375 0.3958701646586345 0.793041096875 0.39684180722891566 0.7805380515625 0.8860317550200802
0 0.81230299375 0.9033380522088353 0.8246133 0.9024905863453815 0.8494537453125 0.3165020120481927 0.8354947375 0.3165020120481927 0.81230299375 0.9033380522088353
0 0.8267016578125 0.9033468032128514 0.839561540625 0.9033468032128514 0.8646405421875001 0.31370719277108433 0.8494537453125 0.31593703614457835 0.8267016578125 0.9033468032128514