0 0.033449096875 0.9374148974358975 0.05847158125 0.9383642461538462 0.060930434374999995 0.07284489743589743 0.03710596875 0.07193072307692308 0.033449096875 0.9374148974358975
0 0.0626661046875 0.9407523179487178 0.0992596734375 0.9421763333333334 0.10374348124999999 0.07854097435897436 0.065857671875 0.07667862564102564 0.0626661046875 0.9407523179487178
0 0.1020078109375 0.9398029692307693 0.1391799375 0.9379042871794872 0.14325219375 0.07786560512820513 0.10576841249999999 0.07904505128205129 0.1020078109375 0.9398029692307693
0 0.1425066296875 0.9412417076923077 0.1773645515625 0.9388683435897436 0.18358401875000002 0.08189308717948718 0.1449654828125 0.07904505128205129 0.1425066296875 0.9412417076923077
0 0.18288170625 0.9397955948717949 0.2248326546875 0.938320523076923 0.2306186703125 0.0843461641025641 0.187676096875 0.08306922564102565 0.18288170625 0.9397955948717949
0 0.2384667109375 0.9235697487179487 0.26468605312500004 0.9225863589743589 0.2682684046875 0.19131578974358973 0.242661809375 0.19224019487179486 0.2384667109375 0.9235697487179487
0 0.265285365625 0.9284866717948718 0.29045591718749997 0.928978358974359 0.29636522187500003 0.14951156923076922 0.26933063125 0.14996988205128203 0.265285365625 0.9284866717948718
0 0.29041217656249996 0.9209591435897435 0.32488237343750004 0.9195538769230769 0.3300907515625 0.163578 0.2970493046875 0.1633483282051282 0.29041217656249996 0.9209591435897435
0 0.329806675 0.9286663128205128 0.36106534843750004 0.9300715794871794 0.36649388437499997 0.18026963076923075 0.33216177812500003 0.18091411282051284 0.329806675 0.9286663128205128
0 0.3647050671875 0.932201235897436 0.3876138171875 0.9314986153846154 0.38978118125 0.18026963076923075 0.3668460734375 0.18023323589743587 0.3647050671875 0.932201235897436
0 0.3912535359375 0.9336282717948718 0.4205853171875 0.9322230051282052 0.421633921875 0.1855406717948718 0.39168172968750004 0.18587606153846153 0.3912535359375 0.9336282717948718
0 0.42550960312499997 0.9315203846153847 0.45676829375 0.9308177384615384 0.457769384375 0.18466216410256409 0.425081409375 0.18585429230769232 0.42550960312499997 0.9315203846153847
0 0.4583207234375 0.9147023948717948 0.48182877656249995 0.9153452871794873 0.4837584890625 0.2011176564102564 0.4583207234375 0.20411564615384617 0.4583207234375 0.9147023948717948
0 0.48437548750000003 0.9166111794871795 0.506120434375 0.9153253692307692 0.5060458640625 0.20192148205128202 0.48417957500000003 0.2028497435897436 0.48437548750000003 0.9166111794871795
0 0.509058940625 0.9127338564102564 0.53844400625 0.9127338564102564 0.5373951390625 0.2011176564102564 0.5072958328125 0.2028298358974359 0.509058940625 0.9127338564102564
0 0.54078115625 0.9125436923076923 0.5650038187499999 0.9135014461538461 0.5642742203125 0.20268528205128203 0.5400515578125 0.20220641538461537 0.54078115625 0.9125436923076923
0 0.5667548625000001 0.913471794871795 0.5971061453125001 0.9125140205128205 0.5960348609375 0.20309402564102566 0.5654415828125 0.20270011794871792 0.5667548625000001 0.913471794871795
0 0.6016296640625 0.9240367384615384 0.627749275 0.9249944923076924 0.6267278421875 0.18257247692307693 0.6000483187500001 0.18273672307692307 0.6016296640625 0.9240367384615384
0 0.6306479781250001 0.9242528256410256 0.6579627218749999 0.9242528256410256 0.6554627375 0.18168604102564104 0.62761301875 0.18386422564102564 0.6306479781250001 0.9242528256410256
0 0.6616366265625 0.9305109487179487 0.69342395 0.931035158974359 0.6900695109375 0.1330477128205128 0.6592570796875 0.13777202564102564 0.6616366265625 0.9305109487179487
0 0.696434153125 0.9293879538461538 0.72543215625 0.9271112769230769 0.7218093046875 0.1310552923076923 0.6933817359375001 0.13239546153846155 0.696434153125 0.9293879538461538
0 0.7298720375000001 0.9298573897435898 0.766084859375 0.9284913897435898 0.761878984375 0.12536218974358976 0.7255709 0.12647609743589744 0.7298720375000001 0.9298573897435898
0 0.770173953125 0.9270828871794872 0.8045058046875001 0.926044476923077 0.8007217734375001 0.12477236923076922 0.7659022390625 0.12836904615384614 0.770173953125 0.9270828871794872
0 0.8083028796875 0.9260605384615385 0.838995878125 0.9255413333333333 0.8345450578125 0.12477236923076922 0.8027654828124999 0.12630827692307692 0.8083028796875 0.9260605384615385
0 0.842792940625 0.9239676051282052 0.8782322796875001 0.9218907384615385 0.8721264859375 0.11828057435897436 0.8363062781249999 0.12056473333333334 0.842792940625 0.9239676051282052
0 0.8802008515624999 0.919549758974359 0.9133402593750001 0.9160415128205128 0.906673825 0.1212846205128205 0.8740540171875001 0.12343446666666667 0.8802008515624999 0.919549758974359
0 0.9180171921875001 0.9186591230769231 0.9526265125 0.9160279230769232 0.9469355421874999 0.11634989743589744 0.9101332171875001 0.1216939282051282 0.9180171921875001 0.9186591230769231