0 0.10720205468749999 0.9097510041493776 0.1550262796875 0.911434419087137 0.14539711875 0.17202809543568465 0.0929498 0.17281710165975103 0.10720205468749999 0.9097510041493776
0 0.1613606140625 0.9102025373443984 0.2101349984375 0.9110442302904564 0.203999446875 0.17255385477178423 0.15407611875 0.17197541078838174 0.1613606140625 0.9102025373443984
0 0.21646933437500002 0.913117817427386 0.28361329999999996 0.9139595248962655 0.2839837046875 0.1772856784232365 0.2104517109375 0.17747714522821575 0.21646933437500002 0.913117817427386
0 0.28804731562499997 0.9126969730290456 0.356458153125 0.9139595248962655 0.3600083453125 0.1778114356846473 0.28709715468749997 0.17828818879668049 0.28804731562499997 0.9126969730290456
0 0.36300355 0.8985027261410788 0.39974268749999997 0.8989235726141078 0.40512686249999996 0.27892517634854774 0.3635720015625 0.27928277593360995 0.36300355 0.8985027261410788
0 0.401642984375 0.902741950207469 0.4418660015625 0.9031627634854772 0.4483077984375 0.2813858091286307 0.4073438953125 0.28057791078838173 0.401642984375 0.902741950207469
0 0.443766321875 0.9065295912863071 0.4893735140625 0.9035836244813278 0.49938685468750005 0.28348884232365146 0.4513675046875 0.28235336307053943 0.443766321875 0.9065295912863071
0 0.49000696250000003 0.9035222738589211 0.5327637234375 0.9026805746887967 0.5461103328125 0.286117632780083 0.5014087609375 0.2839754024896266 0.49000696250000003 0.9035222738589211
0 0.5368810265625 0.9162398547717843 0.57773749375 0.9170815456431535 0.5951569140624999 0.18639908713692946 0.55588405625 0.18387396473029047 0.5368810265625 0.9162398547717843
0 0.5809046609374999 0.9174717676348547 0.63031249375 0.9174717676348547 0.652624021875 0.18832660165975104 0.5986408187500001 0.18381263485477178 0.5809046609374999 0.9174717676348547
0 0.629476815625 0.9005364253112034 0.6630487875 0.900115612033195 0.6835090328125 0.29137521576763487 0.64942995625 0.28976610373443984 0.629476815625 0.9005364253112034
0 0.6633654984375 0.9005057551867219 0.6982043421874999 0.900084908713693 0.7207294296875 0.2919009751037344 0.6842688 0.2910593278008299 0.6633654984375 0.9005057551867219
0 0.7257044421875001 0.964208398340249 0.8023498859375 0.9705211763485477 0.8391219703124999 0.12155530497925311 0.7614934203125 0.11571805186721991 0.7257044421875001 0.964208398340249
0 0.80741735 0.9599385186721991 0.8780451953125 0.9624636410788381 0.9198981515625 0.1262871286307054 0.8432063515625 0.11911552697095436 0.80741735 0.9599385186721991
0 0.8779121999999999 0.9172913713692946 0.9254197124999999 0.9193956307053941 0.9614741265625 0.20041904149377593 0.9159182093749999 0.19631915975103734 0.8779121999999999 0.9172913713692946
0 1 0.20041904149377593 0.9707102171875001 0.20049700829875516 0.934604503125 0.9092645062240664 0.9919302312499999 0.9117896286307053 1 0.7805144834024896 1 0.20041904149377593