0 0.073909828125 0.9254155809128631 0.136612184375 0.9292028049792531 0.119457084375 0.15506678838174273 0.05680920625 0.15749941701244816 0.073909828125 0.9254155809128631
0 0.143381165625 0.9353570165975104 0.21926525312499998 0.93914422406639 0.210358671875 0.15279990456431533 0.1270289359375 0.15270116182572616 0.143381165625 0.9353570165975104
0 0.23284083125000002 0.9340906929460581 0.3012433671875 0.9397715477178422 0.29628208906250003 0.15092694398340248 0.22429050625000002 0.15717989834024895 0.23284083125000002 0.9340906929460581
0 0.3130000671875 0.9430508215767635 0.38745906875 0.9449444149377594 0.3831839203125 0.1510256867219917 0.3047447453125 0.1485613174273859 0.3130000671875 0.9430508215767635
0 0.4006408265625 0.9406838153526971 0.465837015625 0.9421040165975103 0.46512450000000005 0.14869318049792532 0.3969431734375 0.14915272406639005 0.4006408265625 0.9406838153526971
0 0.47922983906249994 0.9483997012448132 0.5551139265625 0.9531337136929461 0.5572882640625 0.14442147095435684 0.4753109484375 0.14690654149377594 0.47922983906249994 0.9483997012448132
0 0.57435215 0.9501898008298756 0.645604803125 0.949716398340249 0.6508229015625 0.1473785041493776 0.571145775 0.14781884647302904 0.57435215 0.9501898008298756
0 0.6548969234375 0.9491049626556016 0.7118990468749999 0.9500517676348548 0.7250807781249999 0.14473690041493778 0.6637395890625 0.14560428423236513 0.6548969234375 0.9491049626556016
0 0.7272183796875 0.9500172676348547 0.780301584375 0.9519108796680498 0.793797275 0.1426472510373444 0.7368374765625 0.14473690041493778 0.7272183796875 0.9500172676348547
0 0.793127084375 0.9495093630705395 0.8579670171875 0.9495093630705395 0.8753060296875 0.14560428423236513 0.807377615625 0.14663051244813277 0.793127084375 0.9495093630705395
0 0.8754238953125 0.9505251804979253 0.9413326 0.9462645975103734 0.9587894796875001 0.14135409543568464 0.8868865078124999 0.14323865767634855 0.8754238953125 0.9505251804979253