0 0.0384374484375 0.9082931333333333 0.056731553125 0.9078814916666667 0.0492749328125 0.21833062777777776 0.0296377375 0.2182047361111111 0.0384374484375 0.9082931333333333
0 0.059973551562500005 0.9111746749999999 0.08984623124999999 0.9111746749999999 0.0869114875 0.22038938055555554 0.0569631390625 0.21860363333333335 0.059973551562500005 0.9111746749999999
0 0.09077251875 0.9177482888888889 0.11601377500000001 0.9185715888888889 0.1158626859375 0.2152425 0.089383096875 0.21408825277777777 0.09077251875 0.9177482888888889
0 0.1245819 0.9177482888888889 0.1553808671875 0.916924988888889 0.1558153375 0.21781593888888887 0.122729325 0.21819199166666664 0.1245819 0.9177482888888889
0 0.177380125 0.8971531194444444 0.1979899578125 0.8979764194444444 0.1908462859375 0.29501913055555556 0.170432990625 0.29518296944444444 0.177380125 0.8971531194444444
0 0.41164833749999996 0.8848036694444444 0.43619489062500005 0.8856269694444445 0.4371211609375 0.33596166666666666 0.4122939921875 0.33516479166666663 0.41164833749999996 0.8848036694444444
0 0.44059472812499995 0.8959309305555556 0.47185683125000005 0.8963425722222222 0.4765714390625 0.33362072777777774 0.44291043906249994 0.333080125 0.44059472812499995 0.8959309305555556
0 0.479859021875 0.8963170833333334 0.50764755625 0.8938471972222222 0.5106579703125 0.3511926583333333 0.47946655937499993 0.35060543055555554 0.479859021875 0.8963170833333334
0 0.5164472484375 0.3548719777777778 0.514594690625 0.8848036694444444 0.5428463609375 0.8852153277777778 0.5451857765625 0.3567816861111111 0.5164472484375 0.3548719777777778
0 0.55118291875 0.3544985944444444 0.5479409359375 0.8864630222222222 0.5808240296875 0.8852280805555556 0.5839803796874999 0.35420824444444443 0.55118291875 0.3544985944444444
0 0.7746114875 0.9183176305555556 0.8052527234375001 0.9183176305555556 0.8129398625 0.282833475 0.780182621875 0.2826817194444444 0.7746114875 0.9183176305555556
0 0.8101274593750001 0.9170669055555556 0.8407686765625 0.9170669055555556 0.8497966968749999 0.282833475 0.8173235015625 0.28437063333333334 0.8101274593750001 0.9170669055555556
0 0.844250634375 0.9125278444444445 0.8588748624999999 0.9096393416666667 0.8692408531250001 0.295215825 0.8542322531250001 0.29386141944444444 0.844250634375 0.9125278444444445
0 0.8816236578125001 0.9335726138888889 0.9157468328125 0.9339852666666666 0.9261927046875 0.288484275 0.8907164890624999 0.29160430555555555 0.8816236578125001 0.9335726138888889
0 0.9231750015625 0.9364739 0.9600837703125 0.93399805 0.9661191421875 0.2889097027777778 0.9310674593750001 0.2893223472222222 0.9231750015625 0.9364739