0 0.0455105140625 0.93566865 0.106394971875 0.9353679805555556 0.11071695 0.2427033222222222 0.050415096874999996 0.24462109166666665 0.0455105140625 0.93566865
0 0.1246796984375 0.9191550999999999 0.167298809375 0.9212598166666666 0.1674485515625 0.3068840888888889 0.126292134375 0.30800028611111113 0.1246796984375 0.9191550999999999
0 0.1710195265625 0.9191550999999999 0.2100870484375 0.9194557694444444 0.2090451859375 0.30800028611111113 0.1710195265625 0.30811029444444443 0.1710195265625 0.9191550999999999
0 0.2163574296875 0.919479275 0.254410209375 0.9164725388888889 0.2508889671875 0.30717374166666667 0.21297495624999999 0.3075324611111111 0.2163574296875 0.919479275
0 0.2581309265625 0.9209591333333335 0.2900952734375 0.9194557694444444 0.29018027812499997 0.30634719722222226 0.255086725 0.307809625 0.2581309265625 0.9209591333333335
0 0.29158734062499997 0.9359693194444445 0.3245664171875 0.9368713444444444 0.324585165625 0.24146350833333333 0.2909408890625 0.24129016944444445 0.29158734062499997 0.9359693194444445
0 0.328963634375 0.9420063027777779 0.3636339546875 0.9417056333333333 0.3652619703125 0.23609097222222222 0.32862539062499996 0.2365028888888889 0.328963634375 0.9420063027777779
0 0.3717518734375 0.9393002583333334 0.4060839359375 0.9402022694444445 0.404781096875 0.23733078888888887 0.3722592453125 0.2376820861111111 0.3717518734375 0.9393002583333334
0 0.41175468281249994 0.9383982222222221 0.4653668296875 0.9396009138888889 0.4654499296875 0.2418767777777778 0.41192379843750004 0.24429691111111113 0.41175468281249994 0.9383982222222221
0 0.4722309546875 0.923942363888889 0.5244901140625 0.9221383166666666 0.5219343859375 0.33568950277777776 0.4703705953125 0.3369749833333333 0.4722309546875 0.923942363888889
0 0.5293946875 0.9212598166666666 0.5610207921875 0.9227631944444444 0.5558743421875 0.33568950277777776 0.5263504718750001 0.33639715555555555 0.5293946875 0.9212598166666666
0 0.5638958796875 0.9065032777777778 0.6017795453125 0.9071046305555555 0.599577846875 0.3439549416666667 0.5601751765625 0.34421467499999997 0.5638958796875 0.9065032777777778
0 0.6053523375000001 0.90715165 0.6435742390625 0.9068509777777777 0.6425594953125 0.34301198055555554 0.6046920859375 0.342715125 0.6053523375000001 0.90715165
0 0.6491553125 0.9128409444444445 0.6760459437499999 0.9110368972222221 0.6727998140625 0.3158524527777778 0.6474640843749999 0.3162284861111111 0.6491553125 0.9128409444444445
0 0.6789210453125001 0.9119154083333334 0.70682641875 0.9113140666666666 0.70371771875 0.3146126361111111 0.67672244375 0.31444795555555555 0.6789210453125001 0.9119154083333334
0 0.7085176625 0.9118683861111112 0.737268665625 0.9112670444444444 0.734635625 0.3158524527777778 0.7054734328125 0.31650565555555554 0.7085176625 0.9118683861111112
0 0.7386216515624999 0.8929729583333332 0.765174053125 0.8914695916666667 0.7604392890625 0.34684784444444444 0.7360847781250001 0.34752208611111113 0.7386216515624999 0.8929729583333332
0 0.771431934375 0.8929259583333333 0.8010285515625 0.8905205444444445 0.7941467796875 0.34684784444444444 0.762975409375 0.347498575 0.771431934375 0.8929259583333333
0 0.80694786875 0.8935272750000001 0.841618175 0.8914225805555556 0.8378456359375 0.34643457222222224 0.8015359234374999 0.34692073333333334 0.80694786875 0.8935272750000001
0 0.846522778125 0.8917232388888889 0.89150961875 0.8908212166666666 0.8848036562500001 0.3435416694444444 0.8414490750000001 0.3438904916666667 0.846522778125 0.8917232388888889