0 0.0407971671875 0.9327809583333334 0.0881986109375 0.9317924333333333 0.07915494375 0.40091431666666666 0.032178721874999996 0.40064371111111113 0.0407971671875 0.9327809583333334
0 0.0916737921875 0.9342637444444445 0.13073480937499998 0.9350051638888889 0.1257759390625 0.40227303611111115 0.08472343125000001 0.4016322277777778 0.0916737921875 0.9342637444444445
0 0.13716804375 0.936769313888889 0.169849890625 0.9355264694444445 0.16750276875 0.4011331083333333 0.1319249703125 0.4032734388888889 0.13716804375 0.936769313888889
0 0.17456865625 0.9364343083333334 0.21074587656250002 0.9351914666666666 0.20834112343750003 0.4028413777777778 0.1686264984375 0.4029627333333333 0.17456865625 0.9364343083333334
0 0.2175137125 0.9312277166666667 0.252878990625 0.9295875416666667 0.2517763046875 0.40439285277777776 0.2172062046875 0.4044084944444445 0.2175137125 0.9312277166666667
0 0.26072085 0.9340041194444445 0.29316464999999997 0.9296302805555555 0.29214428593749997 0.40326565000000003 0.26025957499999997 0.40333642777777773 0.26072085 0.9340041194444445
0 0.3002377 0.9328679027777778 0.3332965421875 0.9295875416666667 0.3354711765625 0.40439285277777776 0.298700084375 0.4044298722222222 0.3002377 0.9328679027777778
0 0.4951996921875 0.927961775 0.5330594796875 0.9342307305555555 0.533987428125 0.4070785055555555 0.4921484484375 0.4073691944444444 0.4951996921875 0.927961775
0 0.541901146875 0.9318869555555556 0.5798576468750001 0.9318869555555556 0.5790107359375 0.40787861666666664 0.539802165625 0.40978783055555557 0.541901146875 0.9318869555555556
0 0.5845803421875 0.9331308333333334 0.6225368703124999 0.9334418 0.6198831109375 0.4065963444444444 0.5809071375 0.40823298611111114 0.5845803421875 0.9331308333333334
0 0.6249827546875 0.9296448222222223 0.6647123171875 0.9303730027777778 0.6652432875 0.40748724722222224 0.6249827546875 0.40762496944444443 0.6249827546875 0.9296448222222223
0 0.6677841984375 0.9325575083333334 0.699731684375 0.9321934277777777 0.6998668515625 0.40548552499999996 0.66757941875 0.40622555 0.6677841984375 0.9325575083333334
0 0.7034179421875 0.9325859777777777 0.7337270953125 0.9333141583333333 0.73674235625 0.40698681666666664 0.706080228125 0.4087741472222222 0.7034179421875 0.9325859777777777
0 0.7391865765625 0.9323179111111112 0.767959184375 0.9323179111111112 0.772712184375 0.40513339722222225 0.74079784375 0.4065225861111111 0.7391865765625 0.9323179111111112
0 0.77440425 0.9326631472222222 0.8077804609375001 0.9330723666666666 0.8116282312499999 0.40400845277777775 0.7780871390625 0.40617735833333335 0.77440425 0.9326631472222222
0 0.8116935375000001 0.9314354722222222 0.8503639125 0.9310262527777777 0.8581376531249999 0.40400845277777775 0.8162971578124999 0.40488569444444444 0.8116935375000001 0.9314354722222222
0 0.8540468015625 0.9293573416666667 0.8913360890625001 0.9305850166666667 0.90021760625 0.4034459805555556 0.8611824109375 0.40369002777777774 0.8540468015625 0.9293573416666667
0 0.8934077203124999 0.9289801249999999 0.9380628249999999 0.9302077972222221 0.946094246875 0.4028835083333333 0.9014640437500001 0.40246234444444445 0.8934077203124999 0.9289801249999999