0 0.084355646875 0.87099985 0.11957505156249999 0.87099985 0.1192882015625 0.2682350361111111 0.0806483421875 0.2662287277777778 0.084355646875 0.87099985
0 0.13818023906250002 0.8751370388888888 0.17307248125000002 0.8758541861111111 0.1705707484375 0.269723125 0.13172619375 0.2680437638888889 0.13818023906250002 0.8751370388888888
0 0.184380571875 0.874033288888889 0.22088629218750003 0.874033288888889 0.21991731250000002 0.270215975 0.1819603125 0.2709403611111111 0.184380571875 0.874033288888889
0 0.46881864687499997 0.8809085305555555 0.509544903125 0.8809085305555555 0.515124446875 0.28696350277777777 0.4745504875 0.28636075555555557 0.46881864687499997 0.8809085305555555
0 0.51829351875 0.8818972777777778 0.557511375 0.882433625 0.5648839999999999 0.28843786111111114 0.524930390625 0.2879278111111111 0.51829351875 0.8818972777777778
0 0.565656671875 0.8851152694444445 0.6027627828125001 0.8856516166666667 0.6138142265625001 0.2877006833333334 0.5741035531249999 0.2862769 0.565656671875 0.8851152694444445
0 0.6087962828125 0.8851991472222223 0.6465058140625 0.8857354722222223 0.663159115625 0.2891750388888889 0.6238800859375 0.2868970805555556 0.6087962828125 0.8851991472222223
0 0.6582503609375 0.8996381916666667 0.67876431875 0.8985654972222222 0.7021788984375 0.2464186833333333 0.682686125 0.24506330833333334 0.6582503609375 0.8996381916666667
0 0.6962615265625 0.9307453194444444 0.7197922609375 0.9328906166666666 0.7493564953125 0.24287604722222222 0.725400021875 0.24273279166666664 0.6962615265625 0.9307453194444444
0 0.7273341624999999 0.9291363666666668 0.7508648703125 0.9318180111111111 0.7819375046875 0.24663036388888887 0.7585730578125001 0.24494432500000002 0.7273341624999999 0.9291363666666668
0 0.789177746875 0.24394871944444446 0.7568983968749999 0.9329325777777778 0.779222440625 0.9334688805555555 0.8120645765625 0.24494432500000002 0.789177746875 0.24394871944444446
0 0.788200196875 0.9320188444444445 0.8243725656249999 0.9314738416666667 0.8567322703125001 0.24964722222222224 0.8188547578125001 0.248220625 0.788200196875 0.9320188444444445
0 0.8409260656249999 0.934743775 0.8672889625 0.9363787444444444 0.8895980625 0.2473999888888889 0.8642234906249999 0.2466282861111111 0.8409260656249999 0.934743775