0 0.11513031250000001 0.8577174222222222 0.1522667984375 0.8590539194444444 0.13128605468750001 0.4108502972222222 0.0903225375 0.4116135888888889 0.11513031250000001 0.8577174222222222
0 0.154973109375 0.8598558055555555 0.1871480390625 0.8579847166666668 0.16786504062500002 0.4104829 0.1340744296875 0.41003070555555554 0.154973109375 0.8598558055555555
0 0.1910571375 0.8596094111111111 0.22097682187499998 0.8596094111111111 0.20527067031250001 0.4119524888888889 0.17211301875 0.41054439722222225 0.1910571375 0.8596094111111111
0 0.224708725 0.8573620027777779 0.2597398578125 0.8588507416666666 0.240425490625 0.4079835027777778 0.20865860937499997 0.4085174555555555 0.224708725 0.8573620027777779
0 0.26211248593750003 0.8561213555555556 0.2995162578125 0.8568657583333333 0.284356421875 0.4103708222222222 0.246620628125 0.4109987083333333 0.26211248593750003 0.8561213555555556
0 0.3018888625 0.8586026305555555 0.342223509375 0.8588507416666666 0.33133733906249996 0.4097774833333333 0.2904952421875 0.4100297777777777 0.3018888625 0.8586026305555555
0 0.3449277671875 0.8572926111111111 0.3765494859375 0.8569870805555556 0.3683358984375 0.4141870027777778 0.336334925 0.41370030277777775 0.3449277671875 0.8572926111111111
0 0.380330340625 0.8560465861111111 0.40851489843750005 0.8569631888888889 0.40187954843749996 0.4133471 0.3712219109375 0.41431136388888895 0.380330340625 0.8560465861111111
0 0.41109276093749997 0.8573165027777777 0.4482139 0.8594552416666666 0.4434547765625 0.40998748611111113 0.4062807609375 0.41222041111111113 0.41109276093749997 0.8573165027777777
0 0.45159037812499997 0.8558700138888888 0.4851916328125 0.8561504694444445 0.48295192499999995 0.4129600388888889 0.44859308281250004 0.41304418333333337 0.45159037812499997 0.8558700138888888
0 0.489924203125 0.8592355083333334 0.5198971609374999 0.8586745861111111 0.5178624515625 0.41180358333333333 0.4880311828125 0.41194428333333327 0.489924203125 0.8592355083333334
0 0.5227367125 0.8572503694444445 0.5531829421875 0.8583722111111112 0.556676015625 0.41257455277777777 0.5255762749999999 0.4127856611111111 0.5227367125 0.8572503694444445
0 0.7385621171875 0.8570661944444444 0.7733615671875 0.8568126305555555 0.78831655 0.4127302666666667 0.75353729375 0.41409917222222226 0.7385621171875 0.8570661944444444
0 0.7773549484375 0.8565392611111111 0.8172887578125 0.8575534722222222 0.8359534390625001 0.413078775 0.7946120546875 0.4123441 0.7773549484375 0.8565392611111111
0 0.8223508390625 0.8579795194444445 0.85942575625 0.859195625 0.8797328515625 0.415966475 0.8421879671875001 0.4157982305555556 0.8223508390625 0.8579795194444445
0 0.862025090625 0.8557905388888888 0.8923964124999999 0.8557905388888888 0.9130170828124999 0.4146292555555556 0.8822726390625 0.4148633777777778 0.862025090625 0.8557905388888888
0 0.91455926875 0.859195625 0.9233149921875 0.8589524166666667 0.9353946171875 0.4136263416666667 0.925367103125 0.414357925 0.91455926875 0.859195625
0 0.9386374359375 0.8592146555555555 0.948077184375 0.8594578749999999 0.9519078046875 0.4163227083333333 0.9431045250000001 0.4166350861111111 0.9386374359375 0.8592146555555555
0 0.9613475296875 0.858747225 0.97024003125 0.8580175583333334 0.96969280625 0.4153498222222222 0.9600287109375 0.4163007805555555 0.9613475296875 0.858747225
0 0.971334503125 0.8572879027777778 0.9796797796875 0.8560717972222223 0.9820301515625 0.415966475 0.9721553515625001 0.4160604694444444 0.971334503125 0.8572879027777778
0 0.981047853125 0.8585040083333333 0.9914452390624999 0.8572879027777778 0.9997905140625001 0.4148253444444444 0.98992810625 0.417638 0.981047853125 0.8585040083333333