0 0.08444056875 0.8777165555555555 0.128581809375 0.8783178833333333 0.122340221875 0.37205743055555557 0.07716825625 0.37408284166666667 0.08444056875 0.8777165555555555
0 0.1338246265625 0.8803990916666666 0.1783040953125 0.8810004444444445 0.1741800171875 0.3724707027777778 0.125875821875 0.37320433611111115 0.1338246265625 0.8803990916666666
0 0.18659114375000002 0.8773923611111111 0.22921026875 0.8746862888888889 0.2206731078125 0.3724707027777778 0.1777967234375 0.37350500555555555 0.18659114375000002 0.8773923611111111
0 0.231228609375 0.8789765333333334 0.27285417500000003 0.8787141111111112 0.270105015625 0.37630583055555555 0.227243171875 0.3753607916666667 0.231228609375 0.8789765333333334
0 0.27905373125 0.8779473583333334 0.32038409687499997 0.8779473583333334 0.318190496875 0.3773879222222222 0.2768396 0.3774396583333333 0.27905373125 0.8779473583333334
0 0.32363148124999996 0.8792389527777777 0.361271634375 0.8792389527777777 0.3616094546875 0.3766665277777778 0.3237790703125 0.3753813111111111 0.32363148124999996 0.8792389527777777
0 0.3664009328125 0.8788632527777777 0.41475662968749993 0.8773999583333334 0.412734575 0.37373180833333336 0.3657836234375 0.37447235 0.3664009328125 0.8788632527777777
0 0.42031240625 0.8763596888888888 0.4618777265625 0.8774571722222223 0.46455271875 0.37928526111111116 0.42206815625000005 0.37926281944444445 0.42031240625 0.8763596888888888
0 0.46640464374999996 0.879960725 0.5092046 0.879960725 0.5108786000000001 0.3812740944444445 0.4699027375 0.37852501666666666 0.46640464374999996 0.879960725
0 0.6942712203125 0.8867922805555556 0.7341017015625 0.8876700916666667 0.737352915625 0.38460413055555553 0.696246290625 0.38354074444444447 0.6942712203125 0.8867922805555556
0 0.73706429375 0.8850366027777778 0.7740967624999999 0.8859144416666667 0.776264878125 0.38379974722222227 0.7401914781250001 0.38417172777777775 0.73706429375 0.8850366027777778
0 0.7770593531250001 0.8862299194444445 0.8116229984375 0.886522538888889 0.811557125 0.38339755833333333 0.7791990171875 0.38558904166666663 0.7770593531250001 0.8862299194444445
0 0.812968178125 0.8869885416666666 0.85888845 0.8875737722222223 0.8651428203125 0.37973679722222226 0.8181178625 0.38098441111111114 0.812968178125 0.8869885416666666
0 0.8623448078125 0.8832676805555555 0.9102401359375 0.884145513888889 0.9160674203125 0.38339755833333333 0.8694221343749999 0.3831891333333334 0.8623448078125 0.8832676805555555
0 0.9143548703125 0.8861022833333334 0.957641709375 0.8887357972222222 0.9656123046875 0.3842019388888889 0.9192925171875 0.38282788055555556 0.9143548703125 0.8861022833333334
0 0.95876746875 0.8873184944444444 0.9974458343749999 0.8881963194444444 1 0.3828736361111111 0.969232021875 0.38299536666666667 0.95876746875 0.8873184944444444