0 0.06357826718750001 0.8393020295081968 0.0984594953125 0.8383555409836065 0.07982747968750001 0.1146016524590164 0.047490801562500004 0.11223855081967211 0.06357826718750001 0.8393020295081968
0 0.1035714046875 0.8370688622950819 0.1402568390625 0.8386463672131147 0.130484084375 0.1226500131147541 0.0911938328125 0.12023909180327869 0.1035714046875 0.8370688622950819
0 0.137790390625 0.12709167540983607 0.14856288281250002 0.8402731999999999 0.1774301109375 0.8409041967213114 0.16848915625 0.12934572459016394 0.137790390625 0.12709167540983607
0 0.182594728125 0.8424076819672132 0.21356685937500003 0.8417766918032787 0.20485734843749998 0.12804477704918032 0.17267161875 0.1261451704918033 0.182594728125 0.8424076819672132
0 0.43269691874999994 0.8433686852459016 0.46417281718750003 0.8435940983606557 0.4690107078125 0.15252845901639345 0.43817566250000006 0.15135485573770494 0.43269691874999994 0.8433686852459016
0 0.47126295 0.8460561737704917 0.503275978125 0.8458307377049181 0.5099127265625001 0.15438753114754097 0.47609713437499995 0.1538169213114754 0.47126295 0.8460561737704917
0 0.5068056875 0.8451999639344261 0.5372838109375 0.8448456229508197 0.5466151109374999 0.14958117704918034 0.5149950984375 0.14817546229508197 0.5068056875 0.8451999639344261
0 0.5439535375 0.8441369770491802 0.57493824375 0.8450227934426229 0.58653543125 0.1539643475409836 0.5548446125 0.1529727475409836 0.5439535375 0.8441369770491802
0 0.58231715 0.8484027606557376 0.6123451953125 0.8482255999999999 0.6235739812500001 0.1519236131147541 0.593498278125 0.15104223278688525 0.58231715 0.8484027606557376
0 0.6157502265625 0.8475307901639344 0.6438643984375 0.8471764655737705 0.6588079703124999 0.1570613737704918 0.6301623078125 0.1554254032786885 0.6157502265625 0.8475307901639344
0 0.646742046875 0.8483094393442623 0.6756160640625 0.8490180950819671 0.6935288546875 0.15445136393442624 0.6649782640625 0.1530704426229508 0.646742046875 0.8483094393442623
0 0.679764871875 0.8470831442622951 0.7125720359375001 0.848854786885246 0.7321590953125 0.15856252459016393 0.6992151796875 0.15664295081967214 0.679764871875 0.8470831442622951
0 0.7236032796874999 0.8490458032786886 0.7545879671875 0.8490458032786886 0.7765389765624999 0.16154660655737704 0.74645113125 0.15980857049180328 0.7236032796874999 0.8490458032786886
0 0.762186396875 0.8490151770491804 0.7918202515625 0.8481293606557377 0.8153753781249999 0.15996307213114752 0.7843986453125 0.15980857049180328 0.762186396875 0.8490151770491804
0 0.7963226015625 0.8487305836065573 0.823945065625 0.8500294918032788 0.8473412937499999 0.16565033770491802 0.8206953625000001 0.16474825901639345 0.7963226015625 0.8487305836065573
0 0.8299802265625 0.8505292721311476 0.857757434375 0.850366918032787 0.8859473390625 0.16631983606557377 0.8568289453125001 0.16508567868852458 0.8299802265625 0.8505292721311476
0 0.8590503359375001 0.8431975344262296 0.8823398625 0.8430351573770491 0.9104063421875 0.2053739573770492 0.8875239125000001 0.20456542622950818 0.8590503359375001 0.8431975344262296
0 0.8853574500000001 0.8454706131147541 0.9106586890624999 0.8451458885245902 0.9408232265625 0.2082751213114754 0.916306984375 0.20685120327868853 0.8853574500000001 0.8454706131147541