0 0.1770345203125 0.8684065642023346 0.19916831875000002 0.8665843852140078 0.17858715625 0.1761163073929961 0.155632409375 0.1755499805447471 0.1770345203125 0.8684065642023346
0 0.20172925625000002 0.8683709416342412 0.2284361546875 0.8660932217898832 0.21127365937499998 0.17799472762645913 0.1816076203125 0.17782771984435797 0.20172925625000002 0.8683709416342412
0 0.23118000468750002 0.8697375836575876 0.25496012343749996 0.8688264824902724 0.2409429453125 0.1811254319066148 0.2134363921875 0.18105215175097275 0.23118000468750002 0.8697375836575876
0 0.26031727031249996 0.8688360778210117 0.278648003125 0.8688360778210117 0.2662628734375 0.17801823346303502 0.24708723593749998 0.1793461906614786 0.26031727031249996 0.8688360778210117
0 0.2810389765625 0.86963 0.31004939375 0.8684391284046692 0.2986892625 0.1796550700389105 0.2684465390625 0.17898026070038908 0.2810389765625 0.86963
0 0.3130779375 0.8684391284046692 0.33045229374999996 0.8688360778210117 0.3214753734375 0.18129190661478597 0.3020794875 0.1833157626459144 0.3130779375 0.8684391284046692
0 0.334437253125 0.8672482529182879 0.35324618124999996 0.8664543463035019 0.3444805828125 0.18183751750972763 0.32598917968749996 0.180537046692607 0.334437253125 0.8672482529182879
0 0.355698021875 0.8640810389105058 0.38444272968750004 0.8666841011673151 0.3774503421875 0.18084590272373544 0.348903815625 0.18080111673151752 0.355698021875 0.8640810389105058
0 0.38653324375000003 0.8680213501945526 0.4140584859375 0.8671536498054474 0.40953765000000003 0.18263484435797664 0.38061010156249997 0.18253828015564202 0.38653324375000003 0.8680213501945526
0 0.417716896875 0.8688551245136187 0.4450679234375 0.8675535836575876 0.44066712656249996 0.18203852918287936 0.41249058906249997 0.18347381322957196 0.417716896875 0.8688551245136187
0 0.45012003125 0.8684212645914398 0.47625157656250006 0.8701566653696499 0.4739517203125 0.18203852918287936 0.44611318750000006 0.182972140077821 0.45012003125 0.8684212645914398
0 0.4813037140625 0.8719259494163424 0.5001183921875 0.8714921089494163 0.4983763875 0.1838274747081712 0.4786905375 0.18520919455252918 0.4813037140625 0.8719259494163424
0 0.5041854078125 0.8668613852140078 0.523507478125 0.8655608754863813 0.5231060296875001 0.18308647081712062 0.5038372515625 0.18455452918287937 0.5041854078125 0.8668613852140078
0 0.52751115625 0.8668613852140078 0.549270246875 0.8672948832684826 0.5501433609374999 0.14078157976653696 0.526118575 0.14080460700389105 0.52751115625 0.8668613852140078
0 0.5513591250000001 0.8712302996108949 0.569288628125 0.8716638171206226 0.5709597140625 0.14018573540856033 0.5522294859375 0.14037110894941635 0.5513591250000001 0.8712302996108949
0 0.5713774921875 0.8707629027237355 0.5893069953125 0.8703294046692607 0.5932116781250001 0.14018573540856033 0.5738145125 0.13943631517509728 0.5713774921875 0.8707629027237355
0 0.5920921578125 0.8725647120622568 0.610021646875 0.8734317159533074 0.6147458375 0.14018573540856033 0.59574768125 0.14080460700389105 0.5920921578125 0.8725647120622568
0 0.612284603125 0.8677961789883268 0.6291696531250001 0.8686631828793775 0.63675853125 0.13839820622568094 0.6185512390625 0.13907059533073932 0.612284603125 0.8677961789883268
0 0.632454271875 0.8716314630350195 0.65134934375 0.8711561595330739 0.660648728125 0.1399850272373541 0.6397069234375 0.1406381673151751 0.632454271875 0.8716314630350195
0 0.6545939375 0.8702427120622568 0.672534715625 0.8702427120622568 0.6832101421875 0.1406383307392996 0.6631826125 0.14166310505836577 0.6545939375 0.8702427120622568
0 0.6748250484375 0.8744833112840467 0.692956659375 0.8721067821011673 0.7047221859375 0.1406383307392996 0.6847497140625001 0.1411877898832685 0.6748250484375 0.8744833112840467
0 0.6941018171875 0.8687424630350195 0.7122334593749999 0.869217766536965 0.7264965734375 0.13867842023346305 0.7063168171875 0.1382616381322957 0.6941018171875 0.8687424630350195
0 0.7143329125 0.8687796303501946 0.733609696875 0.86925493385214 0.7501073546875 0.13737181712062257 0.7280747843750001 0.13548410116731519 0.7143329125 0.8687796303501946
0 0.7786259703125 0.8555137587548639 0.79642296875 0.8529914513618677 0.8067205359375 0.13138186381322955 0.7881755859374999 0.1322373385214008 0.7786259703125 0.8555137587548639
0 0.7996061703125 0.8544327587548639 0.8188500624999999 0.8547931050583657 0.831978578125 0.13435348638132297 0.81176020625 0.13478782879377432 0.7996061703125 0.8544327587548639
0 0.822177959375 0.8562062529182879 0.84084309375 0.8565665797665369 0.8572366203125 0.13534403112840468 0.8362129875000001 0.13509181322957198 0.822177959375 0.8562062529182879
0 0.8430134640625001 0.8537121050583657 0.8606657546875001 0.8537121050583657 0.8777214890625 0.13435348638132297 0.859074178125 0.1355366653696498 0.8430134640625001 0.8537121050583657
0 0.8625678765625 0.8526321206225681 0.8803269671875 0.8526321206225681 0.89952986875 0.1356297081712062 0.88049609375 0.1357352840466926 0.8625678765625 0.8526321206225681
0 0.8870923484375 0.8555476147859922 0.9067119171875 0.8542839999999999 0.9271771687499999 0.12987135408560313 0.9051093968749999 0.12984031517509728 0.8870923484375 0.8555476147859922
0 0.9097563281250001 0.8576865680933852 0.9290376468750001 0.8581077859922179 0.95114050625 0.13331394941634242 0.930559859375 0.1323656692607004 0.9097563281250001 0.8576865680933852