0 0.0109675578125 0.832096546511628 0.057258982812500005 0.8295127645348838 0.0668972140625 0.22212306976744187 0.019531471875 0.2215203808139535 0.0109675578125 0.832096546511628
0 0.058416284375 0.8324935 0.10193021718749999 0.8316322441860465 0.11048308281250001 0.22449065988372094 0.0683689359375 0.2237072093023256 0.058416284375 0.8324935
0 0.1033189640625 0.832605148255814 0.1468329171875 0.8317438924418604 0.154705240625 0.2256744534883721 0.11234579687499999 0.22547404360465115 0.1033189640625 0.832605148255814
0 0.147295825 0.8299877093023257 0.187800840625 0.8308489447674418 0.19606409375 0.22508255813953487 0.15632265781250002 0.2250770726744186 0.147295825 0.8299877093023257
0 0.1917355953125 0.8308489447674418 0.23478663906250002 0.8299877093023257 0.24311911875 0.22683328488372093 0.20115441406249998 0.22626635174418602 0.1917355953125 0.8308489447674418
0 0.23646777968750002 0.8283383691860465 0.2790542203125 0.8287426162790699 0.28529688124999997 0.22796272093023254 0.2440725015625 0.22811395348837207 0.23646777968750002 0.8283383691860465
0 0.28079242187500003 0.8291784738372093 0.3240306890625 0.8295827354651163 0.33039377187499996 0.2340747296511628 0.2877453203125 0.2329965726744186 0.28079242187500003 0.8291784738372093
0 0.32598619218749997 0.8307954912790698 0.357491453125 0.8311997383720929 0.3614538828125 0.22851835755813954 0.332069971875 0.22854981104651162 0.32598619218749997 0.8307954912790698
0 0.3611851765625 0.8303912296511627 0.3924731890625 0.8299869825581395 0.39639650625 0.23240781686046513 0.3655307359375 0.23302818313953486 0.3611851765625 0.8303912296511627
0 0.3957323625 0.8304228401162791 0.4387533265625 0.8308270872093022 0.44298667187499996 0.23296345348837208 0.39899151875 0.23420932848837211 0.3957323625 0.8304228401162791
0 0.4453863921875 0.829234375 0.4657526625 0.830730113372093 0.46973745468750006 0.2359262558139535 0.44860214843749996 0.23461703779069765 0.4453863921875 0.829234375
0 0.46977230625 0.831306659883721 0.49683800468749995 0.829312340116279 0.4995732171875 0.23455567732558139 0.47245209218750006 0.2351156308139535 0.46977230625 0.831306659883721
0 0.5013935968750001 0.8302705290697675 0.5311390578124999 0.8297719360465117 0.5330924078125 0.23455567732558139 0.5046093296875 0.23561420348837211 0.5013935968750001 0.8302705290697675
0 0.5346023140625 0.8303714534883722 0.57567059375 0.8298177645348838 0.5770282859375 0.23830714534883723 0.5369830828125 0.23954087209302327 0.5346023140625 0.8303714534883722
0 0.5808785390625 0.8253882819767441 0.6067694312499999 0.8253882819767441 0.6075029062499999 0.23564352906976743 0.5808785390625 0.2364739534883721 0.5808785390625 0.8253882819767441
0 0.6119773625 0.8331831715116279 0.6403978015625 0.833460011627907 0.64309071875 0.23488249709302325 0.6112333750000001 0.23536658139534883 0.6119773625 0.8331831715116279
0 0.6469803984375 0.8354046337209302 0.6817241875 0.8377889534883721 0.6809734203125 0.2291406453488372 0.6464108296875 0.2320623488372093 0.6469803984375 0.8354046337209302
0 0.6918340421875 0.839929069767442 0.71604076875 0.8404589244186046 0.7131929265625 0.23181814244186047 0.6897809515625 0.23168959302325584 0.6918340421875 0.839929069767442
0 0.720739721875 0.8367292558139534 0.7601824578125 0.8361994011627908 0.75534113125 0.22466517441860465 0.7169864375 0.22367861046511628 0.720739721875 0.8367292558139534
0 0.7617400265625001 0.8380412761627908 0.8006264359375 0.8383628255813954 0.797072284375 0.22729239534883722 0.7575921609375 0.2296344418604651 0.7617400265625001 0.8380412761627908
0 0.804083009375 0.8383628255813954 0.8287974859375 0.8380412761627908 0.8255792578125 0.2268504273255814 0.8001079640625001 0.226765625 0.804083009375 0.8383628255813954
0 0.8336366859375 0.8396741773255814 0.8618077359375 0.8396741773255814 0.8571744890625 0.2233146773255814 0.8287974859375 0.22355010174418605 0.8336366859375 0.8396741773255814
0 0.8645729890625 0.8361371046511629 0.8913613968749999 0.8345293488372093 0.884493671875 0.22022089825581395 0.8600794421875 0.22228903197674418 0.8645729890625 0.8361371046511629