0 0.190446375 0.9482712277777777 0.21113793749999998 0.9468950777777778 0.19876166875 0.09116108333333334 0.1758108265625 0.08991474444444443 0.190446375 0.9482712277777777
0 0.21635916875 0.914388375 0.239371290625 0.9137002861111111 0.23066922812500001 0.13794086388888888 0.20724015625 0.13848245833333334 0.21635916875 0.914388375
0 0.7710934578125 0.076115825 0.7715615984374999 0.022257269444444446 0.3888509421875 0.012555047222222221 0.3895883328125 0.07111866388888889 0.7710934578125 0.076115825
0 0.7698605187500001 0.15148295555555555 0.7687898359374999 0.07583069166666667 0.3625487640625 0.07232166388888889 0.3631753140625 0.14815234722222223 0.7698605187500001 0.15148295555555555
0 0.144452825 1 0.12357371718750002 0.00047580555555555554 0.0735000140625 0 0.098144021875 1 0.144452825 1
0 0.2503271171875 0.9123904583333332 0.290159740625 0.9116250333333332 0.2927480765625 0.17039604166666666 0.256564221875 0.16706541944444445 0.2503271171875 0.9123904583333332
0 0.5663408171875 0.9116818138888888 0.6035512203125 0.9107546055555557 0.5945094484375 0.16755504722222223 0.5564579671875001 0.16971854444444442 0.5663408171875 0.9116818138888888
0 0.604072878125 0.9052299638888889 0.6334586859375 0.9058481055555556 0.6282372625 0.17076165833333332 0.5959004859375 0.17157297222222223 0.604072878125 0.9052299638888889
0 0.6353713578125 0.9055776805555555 0.6793631140625 0.9065048777777777 0.673451190625 0.14163173055555556 0.629801934375 0.14294528055555555 0.6353713578125 0.9055776805555555
0 0.687552165625 0.9058608277777778 0.730871328125 0.9064684611111111 0.7297774078125 0.12225598055555555 0.68697889375 0.12427331388888889 0.687552165625 0.9058608277777778
0 0.733031740625 0.9062209 0.8199233328125001 0.9037867972222222 0.8215857140624999 0.12247219722222222 0.731380940625 0.126506825 0.733031740625 0.9062209