0 0.032163228125 0.8706298347457627 0.0876164765625 0.8696372923728813 0.085847825 0.17448165677966102 0.0288689765625 0.1742112033898305 0.032163228125 0.8706298347457627
0 0.0905447125 0.8715916440677967 0.149658234375 0.8720879025423729 0.148998146875 0.1775841059322034 0.0905447125 0.17520373305084747 0.0905447125 0.8715916440677967
0 0.319979546875 0.872199436440678 0.40026406562499994 0.872199436440678 0.4000988859375 0.18040053813559323 0.3176804390625 0.1810160127118644 0.319979546875 0.872199436440678
0 0.40287372968749996 0.8721903093220339 0.458768153125 0.8726124915254236 0.458636140625 0.1843309788135593 0.40240664062500003 0.1821903220338983 0.40287372968749996 0.8721903093220339
0 0.460636484375 0.8730477669491525 0.5173093703125 0.8700924449152542 0.51644741875 0.1822195127118644 0.459390921875 0.18345688135593222 0.460636484375 0.8730477669491525
0 0.5198276390625 0.870488466101695 0.5738537171875 0.8700662838983051 0.574648 0.18644244491525422 0.5192048578125 0.18555474576271186 0.5198276390625 0.870488466101695
0 0.5774347015625 0.8810693389830508 0.633017728125 0.880647156779661 0.6351843890625 0.13682299576271187 0.5789916500000001 0.13574958050847458 0.5774347015625 0.8810693389830508
0 0.6374488421875 0.8833325466101695 0.6514103015625 0.8833325466101695 0.653267753125 0.13762829661016948 0.6391611015625001 0.13813999999999999 0.6374488421875 0.8833325466101695
0 0.65220058125 0.8694145508474577 0.667479159375 0.8704860169491525 0.6697344734375 0.18496313983050847 0.654176259375 0.18458129661016948 0.65220058125 0.8694145508474577
0 0.6699816875 0.8715464152542373 0.687762784375 0.8697606355932204 0.690647209375 0.18049758898305085 0.6724842062499999 0.18279551694915253 0.6699816875 0.8715464152542373
0 0.6928995609374999 0.8722717923728813 0.7287251921875 0.8712003305084746 0.731484678125 0.17960447881355932 0.6942166796875 0.1810207966101695 0.6928995609374999 0.8722717923728813
0 0.73824195 0.8810356355932203 0.783318534375 0.8818397923728813 0.78808131875 0.1353326313559322 0.7418006296875 0.13539700847457625 0.73824195 0.8810356355932203
0 0.78791515625 0.8846543389830509 0.8002222531250001 0.8846543389830509 0.805877659375 0.1403598474576271 0.7944394 0.1402468474576271 0.78791515625 0.8846543389830509
0 0.8276537140625001 0.32482535593220335 0.8052637046875001 0.3236191271186441 0.8009636453125 0.8669380084745764 0.823117865625 0.8662897076271187 0.8276537140625001 0.32482535593220335
0 0.8371435343750001 0.8757961737288136 0.8602749234375 0.8713733262711865 0.863530390625 0.16951769491525426 0.8398125468750001 0.1695735974576271 0.8371435343750001 0.8757961737288136
0 0.8613220671875 0.8713733262711865 0.8835638015624999 0.8685587796610169 0.8855904390625 0.1800748474576271 0.8641393546874999 0.18006497881355932 0.8613220671875 0.8713733262711865
0 0.88475003125 0.8709712415254237 0.9087711 0.8713733262711865 0.9126445859375 0.1805775677966102 0.8891983781249999 0.18086913983050848 0.88475003125 0.8709712415254237
0 0.9106987203125 0.8689608516949152 0.9333852828125 0.8697650084745763 0.9378560703125001 0.17404218644067798 0.9142573890625 0.17643382627118642 0.9106987203125 0.8689608516949152
0 0.93575774375 0.8701670974576271 0.9590374203125 0.8685587796610169 0.963067553125 0.17756123728813558 0.9413923203125 0.1780296779661017 0.93575774375 0.8701670974576271
0 0.96140988125 0.8709836949152543 0.9851343968749999 0.8693753940677966 0.989391309375 0.17806395762711866 0.9651168359375 0.17965044491525425 0.96140988125 0.8709836949152543