0 0.11193469687499999 0.14487803055555556 0.168199659375 0.14540766111111111 0.1640319015625 0.02517983611111111 0.1039139546875 0.028583783333333335 0.11193469687499999 0.14487803055555556
0 0.095463071875 0.033290375 0 0.03540892777777778 0.0004466140625 0.10732151944444444 0.0975469515625 0.10426189166666666 0.095463071875 0.033290375
0 0.094272275 0.11697319444444444 0 0.11750284444444443 0.0008188000000000001 0.22840560277777777 0.096058459375 0.22925648055555553 0.094272275 0.11697319444444444
0 0 0.38389608888888893 0.1058825140625 0.38375641388888887 0.10171473281250001 0.24075412222222223 0 0.2412837638888889 0 0.38389608888888893
0 0.10498940937500001 0.39117135555555554 0 0.3922306361111111 0.00049730625 0.470087425 0.1065192484375 0.46858878055555553 0.10498940937500001 0.39117135555555554
0 0.5221191734375 0.09977220833333332 0.9233956984375 0.09618829722222222 0.9262159015625 0.01447513888888889 0.522934753125 0.017192744444444446 0.5221191734375 0.09977220833333332
0 0.08381960468750001 0.14401023333333335 0.0863865015625 0.2680750694444444 0.943423490625 0.25970260833333336 0.9462748828124999 0.13806528055555556 0.08381960468750001 0.14401023333333335
0 0.8081680625000001 0.10837365555555556 0.8081680625000001 0.14062885555555554 0.9208527468750001 0.13987013333333334 0.922187021875 0.10765683055555555 0.8081680625000001 0.10837365555555556
0 0.9407609421875 0.46936789444444443 0.99292040625 0.46936789444444443 0.999131778125 0.0012627138888888889 0.948119471875 0.00018256666666666667 0.9407609421875 0.46936789444444443
0 0.16405398124999998 0.023917477777777776 0.1679043109375 0.14265443055555554 0.8103260921875 0.1373264277777778 0.8146885453125 0.024912605555555557 0.16405398124999998 0.023917477777777776
0 0.08331794375 0.27473333055555554 0.085884840625 0.40032049999999997 0.93450795625 0.3871913361111111 0.9375410921875 0.2709276583333333 0.08331794375 0.27473333055555554
0 0.1351318953125 0.40401516944444443 0.1372709828125 0.5471083583333334 0.8847980359375001 0.5440836972222222 0.885569378125 0.3956427222222222 0.1351318953125 0.40401516944444443