0 0.0477621546875 0.9197375083333333 0.09202974375 0.9187618805555555 0.089834665625 0.4755731361111111 0.046332540625 0.47259551666666666 0.0477621546875 0.9197375083333333
0 0.100261328125 0.9194123055555555 0.14471185312499998 0.9210383444444444 0.13835761562499999 0.47617147777777774 0.09385899375 0.4755731361111111 0.100261328125 0.9194123055555555
0 0.1555043578125 0.9216887666666667 0.196296415625 0.9190870999999999 0.1948330109375 0.4768739694444445 0.1496721734375 0.4770654666666667 0.1555043578125 0.9216887666666667
0 0.20209576718750002 0.9185976388888889 0.24026602343749998 0.9177018027777778 0.24350415937499997 0.4784554805555556 0.2046152578125 0.4780784416666667 0.20209576718750002 0.9185976388888889
0 0.24807743906250002 0.91616165 0.26882493125 0.91616165 0.2695196453125 0.4805256027777778 0.2482185703125 0.4800536111111111 0.24807743906250002 0.91616165
0 0.3008635796875 0.9188825694444445 0.3029806765625 0.4798026805555555 0.2751456609375 0.47949093333333337 0.27291796874999996 0.9193844083333333 0.3008635796875 0.9188825694444445
0 0.3071063921875 0.9184871388888889 0.333619646875 0.9179856833333334 0.3353119875 0.4809683972222222 0.307882440625 0.4804907722222222 0.3071063921875 0.9184871388888889
0 0.33996590000000004 0.919278525 0.3676073890625 0.9182756166666667 0.3685566578125 0.48118000833333335 0.33996590000000004 0.4820105055555556 0.33996590000000004 0.919278525
0 0.3731074828125 0.9182756166666667 0.4018772078125 0.9187770722222223 0.4020922484375 0.4825584777777777 0.37367158906250003 0.4825119555555556 0.3731074828125 0.9182756166666667
0 0.408752228125 0.9175092472222223 0.4358402453125 0.9175092472222223 0.4359365125 0.48319639722222224 0.40818493437500003 0.4833062861111111 0.408752228125 0.9175092472222223
0 0.44151313593749997 0.9180332416666667 0.49441278125 0.9175289722222222 0.49461311874999997 0.48527574444444443 0.4406622015625 0.485382525 0.44151313593749997 0.9180332416666667
0 0.499197503125 0.9198651166666666 0.547337709375 0.9192983333333333 0.5508937 0.48623070277777775 0.5017479734375 0.4863320722222222 0.499197503125 0.9198651166666666
0 0.5525980609375 0.9164865361111112 0.5855948078125001 0.9167699277777778 0.5885800328124999 0.4858411805555556 0.5548297140625 0.48578743055555557 0.5525980609375 0.9164865361111112
0 0.5906404203125 0.9171208722222223 0.6290817234375 0.9173931472222222 0.63328064375 0.4884923277777778 0.594009765625 0.4875005888888889 0.5906404203125 0.9171208722222223
0 0.6371988171875 0.9165763166666666 0.6966220546875 0.9163040277777778 0.70106584375 0.48811808055555556 0.6398024015625 0.4880451527777778 0.6371988171875 0.9165763166666666
0 0.7205053671874999 0.9183961722222221 0.77981746875 0.9168363083333334 0.7820429859375 0.4889532027777778 0.723137559375 0.48887606111111115 0.7205053671874999 0.9183961722222221
0 0.785432809375 0.9180842027777778 0.8321104 0.9171482777777779 0.837760671875 0.4910972194444444 0.787889525 0.4913962388888889 0.785432809375 0.9180842027777778
0 0.8366204015625 0.9171259222222221 0.8867159093750001 0.9174113833333334 0.8945499359375001 0.4909397722222222 0.841437278125 0.4912685888888889 0.8366204015625 0.9171259222222221
0 0.8957074171875 0.9151500638888889 0.9475691109375 0.9157209888888889 0.95457984375 0.49133212500000006 0.9018087906250001 0.49102776944444443 0.8957074171875 0.9151500638888889