0 0.04382616875 0.9657065507246376 0.061327442187500004 0.9643650869565217 0.0475940109375 0.30928457004830917 0.029362303125 0.31047156038647344 0.04382616875 0.9657065507246376
0 0.11571156875 0.9818318454106281 0.144639309375 0.9795960676328502 0.1367423734375 0.2992210821256039 0.1064547046875 0.2993065169082126 0.11571156875 0.9818318454106281
0 0.1596392109375 0.9669658937198067 0.18232948437500002 0.9669658937198067 0.1754696296875 0.3045016811594203 0.1520962078125 0.3045248260869565 0.1596392109375 0.9669658937198067
0 0.1854955703125 0.9649140821256038 0.21346265 0.9628749033816425 0.2085815984375 0.30651558937198065 0.1796391140625 0.30503474879227055 0.1854955703125 0.9649140821256038
0 0.2171563984375 0.9624418019323671 0.246574596875 0.9644809806763285 0.2433011578125 0.31421332850241546 0.2130668859375 0.312263193236715 0.2171563984375 0.9624418019323671
0 0.248505134375 0.9643328695652175 0.2782198359375 0.9631663381642511 0.27563781718749997 0.31183169082125606 0.24633549375000002 0.31209051207729466 0.248505134375 0.9643328695652175
0 0.2804838140625 0.9640412415458937 0.304632903125 0.9640412415458937 0.303234621875 0.30344519806763287 0.279257490625 0.30276732850241544 0.2804838140625 0.9640412415458937
0 0.30657801562500003 0.9648607439613526 0.3314389828125 0.9655349323671498 0.3314389828125 0.2949096570048309 0.3063422796875 0.2942758937198068 0.30657801562500003 0.9648607439613526
0 0.33383784375 0.9658824927536233 0.351175096875 0.9648711884057971 0.3544638640625 0.30818466666666666 0.335473434375 0.30941534782608693 0.33383784375 0.9658824927536233
0 0.3528660484375 0.9623540917874397 0.362751265625 0.9628315893719807 0.36847850000000004 0.30699405314009665 0.357654196875 0.30515573913043476 0.3528660484375 0.9623540917874397
0 0.371709734375 0.9633090917874395 0.38854549375 0.9647416280193236 0.39396805156250003 0.3404278695652174 0.37603452187499997 0.3400137874396135 0.371709734375 0.9633090917874395
0 0.3925613609375 0.9532518695652175 0.415420925 0.9537293719806763 0.422680375 0.34575867149758455 0.3989887203125 0.34341302898550724 0.3925613609375 0.9532518695652175
0 0.418201146875 0.9489395024154589 0.4316388671875 0.9470294637681159 0.44106069999999997 0.4030743768115942 0.42544378437499997 0.4019222077294686 0.418201146875 0.9489395024154589
0 0.4331834328125 0.9475069661835749 0.448011240625 0.947984463768116 0.455760903125 0.4019222077294686 0.44183298125 0.4016122850241546 0.4331834328125 0.9475069661835749
0 0.4501736453125 0.9417916811594202 0.4730331875 0.9417916811594202 0.47970563281249995 0.4222213043478261 0.45681525624999997 0.4226521980676329 0.4501736453125 0.9417916811594202
0 0.47637941875 0.9410665555555556 0.50194556875 0.9417538405797102 0.5046261984375 0.4172899516908212 0.48015876406249997 0.4179411352657005 0.47637941875 0.9410665555555556
0 0.6411775703125 0.9476655990338164 0.6575496484375 0.9472574202898552 0.6484220484375001 0.2889639565217391 0.6329915359375 0.29362808695652176 0.6411775703125 0.9476655990338164
0 0.658473875 0.9464284202898551 0.675638146875 0.9484693381642513 0.6683953359375 0.2899846714975845 0.6509480046875 0.29078343961352654 0.658473875 0.9464284202898551
0 0.6768264562499999 0.9476529516908213 0.6926704 0.9484693381642513 0.6855624578125 0.28437074879227053 0.669828709375 0.2866636618357488 0.6768264562499999 0.9476529516908213
0 0.6925383593750001 0.939489270531401 0.7089104265625 0.9390810917874396 0.7040501296875 0.32060607246376815 0.6867289203125 0.32300470531400965 0.6925383593750001 0.939489270531401
0 0.711208546875 0.939223652173913 0.72788318125 0.9388177198067633 0.7245808140625 0.3193251835748792 0.707794834375 0.31968341545893725 0.711208546875 0.939223652173913
0 0.7301152156249999 0.9363697053140096 0.7450830046875 0.9367756086956522 0.7398465515625 0.31628012560386476 0.72551984375 0.3188590193236715 0.7301152156249999 0.9363697053140096
0 0.7467898609375 0.9359638067632851 0.76188894375 0.9363697053140096 0.7585593890625 0.3152651014492754 0.7429822640625 0.3152058502415459 0.7467898609375 0.9359638067632851
0 0.7632019062500001 0.9331601787439613 0.778169684375 0.933566077294686 0.77530245625 0.313742574879227 0.760444684375 0.3136073816425121 0.7632019062500001 0.9331601787439613
0 0.7826337734375 0.9331727536231884 0.7983893375 0.9331727536231884 0.7987832296875 0.3099793526570049 0.782196659375 0.31069751690821257 0.7826337734375 0.9331727536231884
0 0.8058732265625 0.9315239806763286 0.8258302703125 0.9311180821256039 0.8252033593749999 0.30714494685990334 0.805085440625 0.3075439130434782 0.8058732265625 0.9315239806763286
0 0.8274016640624999 0.931585038647343 0.8475981796875001 0.9303843188405797 0.8459179046875 0.3041614782608696 0.8258480953125 0.3083106376811594 0.8274016640624999 0.931585038647343
0 0.8520647218749999 0.9292207826086957 0.8718728328124999 0.9280200434782608 0.8732322218749999 0.3011248212560387 0.8515020015625 0.30190954106280193 0.8520647218749999 0.9292207826086957
0 0.93846950625 0.8646429516908212 0.9471762734375 0.8640936280193237 0.9532824062499999 0.07774972946859904 0.9448663093749999 0.0789792270531401 0.93846950625 0.8646429516908212
0 0.9489531640625 0.8410046908212561 0.970986596875 0.8410046908212561 0.9797180437499999 0.15467525603864735 0.95730454375 0.15749965700483093 0.9489531640625 0.8410046908212561
0 1 0.16028034299516908 0.982003328125 0.1608296763285024 0.972408115625 0.8421543913043479 0.9961570109375 0.8442576473429952 1 0.16028034299516908