0 0.048308293749999995 0.8333285850622406 0.06998073125 0.8339045414937759 0.043540365625 0.2622651514522822 0.020158703125 0.26421378630705394 0.048308293749999995 0.8333285850622406
0 0.0704141734375 0.8477696867219917 0.0825507515625 0.8471937074688797 0.058091765625 0.26133564107883817 0.0439738078125 0.2628411182572614 0.0704141734375 0.8477696867219917
0 0.0985883421875 0.8396641908713693 0.1367318453125 0.8344804979253112 0.1106561515625 0.26565285892116186 0.0725814171875 0.2656789688796681 0.0985883421875 0.8396641908713693
0 0.160138084375 0.8126777863070539 0.192213296875 0.8115258506224067 0.1757422328125 0.32788319087136925 0.1410026015625 0.3304111390041494 0.160138084375 0.8126777863070539
0 0.1909129375 0.7187535248962655 0.224288478125 0.5070082987551867 0.22012013125 0.32609392116182573 0.1779094765625 0.326773244813278 0.1909129375 0.7187535248962655
0 0.46750830624999995 0.8039526804979253 0.49915004375 0.8085603962655602 0.4964895859375 0.32321577593361 0.4636072609375 0.32557765560165974 0.46750830624999995 0.8039526804979253
0 0.5433618359375 0.8079844398340249 0.5745701328124999 0.8085603962655602 0.5711025296875001 0.3226978298755187 0.5382159546875 0.32321577593361 0.5433618359375 0.8079844398340249
0 0.5767373765625 0.8125501784232365 0.6118467187500001 0.8148540477178423 0.612998278125 0.34552140456431535 0.5767373765625 0.3468463755186722 0.5767373765625 0.8125501784232365
0 0.67917031875 0.8124788195020748 0.728150040625 0.8113268838174273 0.72950696875 0.40596246680497927 0.67917031875 0.40831930912863074 0.67917031875 0.8124788195020748
0 0.8389255015625 0.8044069045643154 0.8831372937499999 0.8049828609958506 0.888338665625 0.3104808112033195 0.8438480578125 0.3117031908713693 0.8389255015625 0.8044069045643154
0 0.8840041781249999 0.8009091597510373 0.933417340625 0.8037889834024896 0.945725425 0.3397651141078838 0.8918062687500001 0.34211691908713693 0.8840041781249999 0.8009091597510373