0 0.0364849046875 0.8859724514925373 0.0611888125 0.8849892686567163 0.0510117375 0.2896122798507463 0.0235153484375 0.28907270149253733 0.0364849046875 0.8859724514925373
0 0.061394674999999996 0.8874471679104478 0.0875396359375 0.8869555970149254 0.07726399687499999 0.29145616044776124 0.052130709374999994 0.29151537313432835 0.061394674999999996 0.8874471679104478
0 0.0893924328125 0.8879387798507462 0.11080248749999999 0.8864640223880598 0.1030015046875 0.2896122798507463 0.07951086406249999 0.2900863134328358 0.0893924328125 0.8879387798507462
0 0.1120376796875 0.8860028917910449 0.13344773593749998 0.8825618470149253 0.1287390140625 0.28899764925373134 0.1062734296875 0.28861157835820894 0.1120376796875 0.8860028917910449
0 0.135094653125 0.884497697761194 0.159592696875 0.8830229813432836 0.15627814843750001 0.2908415335820896 0.130153884375 0.2920526343283582 0.135094653125 0.884497697761194
0 0.16391589374999999 0.884497697761194 0.200560028125 0.881548223880597 0.19706028281250001 0.2935273768656716 0.1602103015625 0.2940189514925373 0.16391589374999999 0.884497697761194
0 0.20200948593749998 0.884068697761194 0.236182453125 0.8821258246268656 0.23808063124999998 0.2928382649253731 0.19936514375 0.29134392164179107 0.20200948593749998 0.884068697761194
0 0.238013134375 0.8840386007462687 0.2624223921875 0.8835528917910447 0.26503699531249997 0.29344555970149255 0.2412677140625 0.2928161156716418 0.238013134375 0.8840386007462687
0 0.26404968125 0.8806385820895523 0.2935442015625 0.8811243097014925 0.2958079390625 0.29587474626865673 0.266694025 0.2947589776119403 0.26404968125 0.8806385820895523
0 0.293951015625 0.8854957462686567 0.313478434375 0.8854957462686567 0.31818680625 0.2928382649253731 0.2976124109375 0.2942732686567164 0.293951015625 0.8854957462686567
0 0.3173432359375 0.8850100373134329 0.342159309375 0.8835528917910447 0.34641469687500004 0.2928382649253731 0.32039439375 0.2947589776119403 0.3173432359375 0.8850100373134329
0 0.34474383125 0.8825039291044776 0.3670347296875 0.8820976156716418 0.3733920375 0.291706973880597 0.349167978125 0.2927981492537313 0.34474383125 0.8825039291044776
0 0.3707782359375 0.8816787014925374 0.39426025781249996 0.880866078358209 0.3981739328125 0.2956549552238806 0.3748620671875 0.2952486380597015 0.3707782359375 0.8816787014925374
0 0.3964723375 0.8816787014925374 0.4318655171875 0.8796471119402985 0.436800159375 0.2952486380597015 0.40089648437500003 0.29402968656716416 0.3964723375 0.8816787014925374
0 0.4340506546875 0.8774565858208956 0.46004046875000004 0.8774565858208956 0.467572146875 0.29639788432835823 0.44135358125 0.2946820037313433 0.4340506546875 0.8774565858208956
0 0.4621883875 0.880036947761194 0.4795865265625 0.8790111529850746 0.4885178328125 0.2957566082089552 0.46970610312499994 0.29522667910447764 0.4621883875 0.880036947761194
0 0.484526746875 0.8795240410447761 0.5152419921875 0.8795240410447761 0.5219005375 0.2957395746268657 0.4911852921875 0.29471379477611936 0.484526746875 0.8795240410447761
0 0.5201821953125 0.880036947761194 0.5418761734374999 0.880036947761194 0.5484010109375 0.2951153320895522 0.5259815859375 0.2931751044776119 0.5201821953125 0.880036947761194
0 0.544453684375 0.8769595708955223 0.5674364093750001 0.8784982686567164 0.57498591875 0.2957566082089552 0.5515418078125001 0.29522667910447764 0.544453684375 0.8769595708955223
0 0.570443515625 0.8789952649253732 0.597077696875 0.8784823768656717 0.6055988453125 0.2919089514925373 0.57731685 0.29420089552238804 0.570443515625 0.8789952649253732
0 0.6069581359375 0.8774724776119402 0.629296478125 0.8790111529850746 0.6361698125 0.2931751044776119 0.6120436703125 0.2931915037313433 0.6069581359375 0.8774724776119402
0 0.6312312421875 0.8778595634328359 0.648053459375 0.8790586492537313 0.6561121796875 0.294746697761194 0.6370060375000001 0.2944147649253731 0.6312312421875 0.8778595634328359
0 0.6535771609375 0.8802763059701493 0.6837064859375 0.8778781380597015 0.6912688953125 0.2902490373134328 0.65784549375 0.2913984925373134 0.6535771609375 0.8802763059701493
0 0.6887280390625 0.8766790559701493 0.7196106046875 0.8742809104477612 0.7279951046875001 0.2902490373134328 0.6950049828125 0.2914356343283582 0.6887280390625 0.8766790559701493
0 0.731913396875 0.8772786082089552 0.756016871875 0.8766790559701493 0.7581294328125 0.2894994291044776 0.7329177312499999 0.2914170671641791 0.731913396875 0.8772786082089552
0 0.7690729046875 0.8772786082089552 0.7936785265624999 0.8778781380597015 0.7973668375 0.28874981716417913 0.7713326265625 0.2896184402985075 0.7690729046875 0.8772786082089552
0 0.7997043765625 0.879077223880597 0.8245610921875001 0.8796767537313432 0.8300123578124999 0.28650098880597014 0.8034705421874999 0.2895998768656717 0.7997043765625 0.879077223880597
0 0.8261215906249999 0.8745516679104478 0.8525226671875 0.8757877947761195 0.8601833593749999 0.2860783432835821 0.83181595 0.2884963656716418 0.8261215906249999 0.8745516679104478
0 0.8545933265625001 0.8770047723880597 0.880994403125 0.8776228246268657 0.8915721890625001 0.2860783432835821 0.863652515625 0.28664219029850746 0.8545933265625001 0.8770047723880597
0 0.8853945734374999 0.8776228246268657 0.9061012906249999 0.8782408731343283 0.9174598828124999 0.2853055746268657 0.8949714421875001 0.2860241156716418 0.8853945734374999 0.8776228246268657
0 0.92577266875 0.8751697201492538 0.9488088953125 0.8776419701492537 0.960821771875 0.2853055746268657 0.9379378765625 0.2854443470149253 0.92577266875 0.8751697201492538