0 0.05953199218750001 0.8979748194444445 0.1381600734375 0.8961233277777778 0.1246363125 0.1554095138888889 0.0360997953125 0.15505504444444446 0.05953199218750001 0.8979748194444445
0 0.1441482890625 0.9020683027777778 0.200385590625 0.9016054333333332 0.1912001109375 0.15795436666666665 0.130088975 0.15822277222222222 0.1441482890625 0.9020683027777778
0 0.20478796250000003 0.9084680194444446 0.303511175 0.9051384916666666 0.3012838875 0.16165945277777777 0.194353796875 0.15792654166666667 0.20478796250000003 0.9084680194444446
0 0.3150154984375 0.8974909527777778 0.374142415625 0.8979665944444444 0.372258778125 0.1668896138888889 0.3091295609375 0.16601252777777778 0.3150154984375 0.8974909527777778
0 0.3800131015625 0.9059689972222222 0.46031893593750006 0.9067106694444445 0.4662665515625 0.17038026944444445 0.37646712656250003 0.16828943333333332 0.3800131015625 0.9059689972222222
0 0.46803662968750004 0.9048854944444444 0.5399990265625 0.9074813250000001 0.5482652421875 0.16834145277777776 0.46824522343749997 0.170259575 0.46803662968750004 0.9048854944444444
0 0.54778533125 0.9094047666666667 0.6244955937500001 0.9115224361111112 0.6356801578125 0.16839805277777778 0.5530264046875 0.1682114027777778 0.54778533125 0.9094047666666667
0 0.6359193624999999 0.911224525 0.7363502234375 0.9129818972222221 0.7508993421875 0.16921613333333332 0.642838815625 0.17087357777777779 0.6359193624999999 0.911224525
0 0.7414903765624999 0.9174961472222222 0.8017884296875 0.9181990611111112 0.8250851156250001 0.1682499388888889 0.7598763546875 0.169467675 0.7414903765624999 0.9174961472222222
0 0.8104384734375 0.9160815833333333 0.87200746875 0.9174671666666667 0.8969060515624999 0.1673135638888889 0.8313251640624999 0.1674434611111111 0.8104384734375 0.9160815833333333
0 0.8808921046875 0.92413955 0.9480724515625001 0.9280191111111111 0.9740358046875001 0.16617089999999998 0.9067666843750001 0.16559034444444445 0.8808921046875 0.92413955