0 0 0.4298540041493776 0.036991278125 0.8714412427385891 0.086900346875 0.8699836514522821 0.0413789015625 0.3125204979253112 0 0.3183507427385892 0 0.4298540041493776
0 0.0929332984375 0.8707124190871369 0.1335186765625 0.8728987800829876 0.09238485625000001 0.3148661701244813 0.046314968750000005 0.3185100684647303 0.0929332984375 0.8707124190871369
0 0.1345773765625 0.8852952987551868 0.1760749109375 0.884802968879668 0.1305017296875 0.2288762033195021 0.0871515984375 0.23429190663900415 0.1345773765625 0.8852952987551868
0 0.18570826406250002 0.884910612033195 0.2253532578125 0.8863876390041493 0.1835274203125 0.2289263651452282 0.14161714375 0.23285078008298757 0.18570826406250002 0.884910612033195
0 0.2386178015625 0.8844096701244814 0.29678848593749996 0.884902 0.265053990625 0.30457908713692944 0.204160034375 0.3090826825726141 0.2386178015625 0.8844096701244814
0 0.30345771718750003 0.8803991950207469 0.3808951359375 0.878429856846473 0.36094035468749996 0.23815230705394191 0.274928165625 0.2421606825726141 0.30345771718750003 0.8803991950207469
0 0.39275156718750004 0.8745270248962655 0.47426460312499996 0.8760040518672199 0.45722094531249996 0.23628853319502077 0.3711311765625 0.24122762033195022 0.39275156718750004 0.8745270248962655
0 0.4783088109375 0.9013124502074689 0.59835285 0.8962395580912863 0.5961832968749999 0.2388498713692946 0.467704215625 0.24385709751037343 0.4783088109375 0.9013124502074689
0 0.6157443812500001 0.904212898340249 0.7366367734375 0.9047765435684647 0.74299953125 0.23431605809128633 0.61209283125 0.23673740041493777 0.6157443812500001 0.904212898340249
0 0.7450639625 0.8976643029045643 0.7985111515625001 0.8971007012448132 0.8086915375 0.17651608506224067 0.7520967390625 0.18040488381742736 0.7450639625 0.8976643029045643
0 0.799783684375 0.8790637323651451 0.848989003125 0.879627398340249 0.8595935984375 0.2165354958506224 0.809964103125 0.21991742116182572 0.799783684375 0.8790637323651451
0 0.8689256625 0.8976643029045643 0.92322120625 0.8959733464730291 0.9469754625 0.16922965767634857 0.8888622890625 0.1720479273858921 0.8689256625 0.8976643029045643