0 0.14719116875 0.9542010871369294 0.1953579640625 0.9577853070539418 0.17015335625 0.0954380601659751 0.12175910781249999 0.0970346867219917 0.14719116875 0.9542010871369294
0 0.2096153234375 0.9516782510373444 0.240442071875 0.9506542033195021 0.22079002499999997 0.1052644979253112 0.1870145328125 0.10567270539419087 0.2096153234375 0.9516782510373444
0 0.2408274 0.9608948195020747 0.27666350624999997 0.9629429315352697 0.2578314765625 0.09799672199170124 0.22156068125 0.09853345850622407 0.2408274 0.9608948195020747
0 0.28475552187500003 0.9613695248962656 0.3205916296875 0.9613695248962656 0.3079332609375 0.10055538381742739 0.2674154765625 0.10116825518672198 0.28475552187500003 0.9613695248962656
0 0.3295759921875 0.9569941452282158 0.3688801140625 0.9569941452282158 0.35514455625 0.049382159751037345 0.310694603125 0.04944119502074689 0.3295759921875 0.9569941452282158
0 0.371962771875 0.958567541493776 0.4089548640625 0.9601036286307054 0.4028376015625 0.045544168049792534 0.3627147421875 0.045627087136929464 0.371962771875 0.958567541493776
0 0.413964221875 0.963250458506224 0.45134167343750003 0.9627384356846472 0.4433044265625 0.09991571784232366 0.4051015203125 0.099353 0.413964221875 0.963250458506224
0 0.45596567343750005 0.9631758049792531 0.49064576562499995 0.965223937759336 0.487625234375 0.042985508298755186 0.4482589859375 0.045589769709543565 0.45596567343750005 0.9631758049792531
0 0.500611859375 0.9708980622406639 0.5352919515625 0.9714101037344398 0.5348365312500001 0.04426483817427386 0.496758515625 0.04255938796680498 0.500611859375 0.9708980622406639
0 0.5483933249999999 0.968337908713693 0.5834587453125 0.9678259253112034 0.5834930703125 0.22976777178423236 0.543769325 0.22729053526970955 0.5483933249999999 0.968337908713693
0 0.6821043343750001 0.9708980622406639 0.7198671421875 0.9693619730290456 0.637930584375 0.23360576348547718 0.602340134375 0.2416273921161826 0.6821043343750001 0.9708980622406639