0 0.0676860140625 0.9169229999999999 0.0847693890625 0.9145989196428571 0.0714366296875 0.21630910267857145 0.0543447046875 0.21906183482142857 0.0676860140625 0.9169229999999999
0 0.08574557968749999 0.9150349285714287 0.09680909062500001 0.9150349285714287 0.08425128750000001 0.21863375892857143 0.072892371875 0.21861140625 0.08574557968749999 0.9150349285714287
0 0.09680909062500001 0.9150205446428572 0.1080353109375 0.9154853526785713 0.0958455015625 0.21747142857142857 0.0847693890625 0.21861140625 0.09680909062500001 0.9150205446428572
0 0.109174209375 0.9141053080357143 0.1212139109375 0.9141053080357143 0.11130445468750001 0.21805259375 0.098436078125 0.21954104464285715 0.109174209375 0.9141053080357143
0 0.122678203125 0.9145701205357143 0.133090928125 0.913175674107143 0.1251361484375 0.21747142857142857 0.113567071875 0.217667375 0.122678203125 0.9145701205357143
0 0.1348806125 0.9155141517857144 0.14464254062499998 0.9150493258928571 0.13713717812499998 0.22328306696428574 0.126094875 0.22418920089285715 0.1348806125 0.9155141517857144
0 0.1461068328125 0.9141197098214285 0.1563568625 0.9136548839285714 0.15001160625 0.21999145089285713 0.13894808281249998 0.22045627678571428 0.1461068328125 0.9141197098214285
0 0.1576584453125 0.9155141517857144 0.16758308125000002 0.9150493258928571 0.16154605 0.21921491964285716 0.1511504921875 0.21907622767857143 0.1576584453125 0.9155141517857144
0 0.1683965765625 0.9159645625 0.18450374687499999 0.9150349285714287 0.179649296875 0.21921491964285716 0.1630275109375 0.21954104464285715 0.1683965765625 0.9159645625
0 0.18582960937499998 0.9148000491071429 0.20083204999999998 0.9151932589285714 0.1977484484375 0.21887924553571428 0.1810123125 0.21864838392857142 0.18582960937499998 0.9148000491071429
0 0.20358479062499998 0.9132271785714285 0.218724865625 0.9120475312499999 0.216848759375 0.2223207455357143 0.2004191453125 0.21985239732142858 0.20358479062499998 0.9132271785714285
0 0.2195506859375 0.9100814464285715 0.22835945937500002 0.9120475312499999 0.22906607499999998 0.22379566964285713 0.21858723124999999 0.22377237946428571 0.2195506859375 0.9100814464285715
0 0.22904764531250002 0.9120475312499999 0.23937042343749998 0.9116543214285714 0.23921849375 0.22035417410714286 0.22904764531250002 0.2210198660714286 0.22904764531250002 0.9120475312499999
0 0.241985540625 0.9128096160714286 0.2534093984375 0.9116299553571429 0.2548773078125 0.22281238839285716 0.241572625 0.22020907589285715 0.241985540625 0.9128096160714286
0 0.2545105 0.9112489285714286 0.26689783437500003 0.9100692678571428 0.27036404687500004 0.22281238839285716 0.2554739546875 0.22296158035714284 0.2545105 0.9112489285714286
0 0.269267290625 0.9101787053571428 0.2887915640625 0.9101787053571428 0.29173293437500003 0.2192196026785714 0.2721959234375 0.21975423660714286 0.269267290625 0.9101787053571428
0 0.2894423625 0.9060096830357143 0.3045736796875 0.90740415625 0.3100399796875 0.22038195535714286 0.29383533125 0.22117752232142857 0.2894423625 0.9060096830357143
0 0.30538719062499997 0.9068961383928571 0.3226336296875 0.9068961383928571 0.3285504375 0.21980078125 0.310919071875 0.2202334732142857 0.30538719062499997 0.9068961383928571
0 0.3250741640625 0.9073897589285714 0.3392292703125 0.9078545758928571 0.3454336015625 0.2192196026785714 0.329141721875 0.21931820982142858 0.3250741640625 0.9073897589285714
0 0.3441103375 0.9050368258928572 0.3576146203125 0.9045720089285715 0.3641474703125 0.2215443080357143 0.3501303171875 0.22162794642857145 0.3441103375 0.9050368258928572
0 0.3633092 0.9050512276785714 0.37632538125 0.9050512276785714 0.38306475 0.21980078125 0.36916649218750003 0.22069829464285715 0.3633092 0.9050512276785714
0 0.378978265625 0.9035293973214286 0.39222157343749997 0.9050842499999999 0.4005856875 0.22045594642857141 0.38659770781249997 0.2202833214285714 0.378978265625 0.9035293973214286
0 0.39621270000000003 0.9056025312499999 0.40582770625000003 0.9061208258928571 0.4162353375 0.22240000446428573 0.4063719578125 0.22185422321428572 0.39621270000000003 0.9056025312499999
0 0.4078232703125 0.9045659732142858 0.4281417703125 0.9035293973214286 0.44050363593749997 0.21980792857142856 0.4185267640625 0.21979713839285714 0.4078232703125 0.9045659732142858
0 0.43068157031250004 0.9029950580357143 0.44682751718749997 0.9035133392857143 0.4604626109375 0.22175198214285713 0.44301780312499994 0.22187028571428571 0.43068157031250004 0.9029950580357143
0 0.47751742343750003 0.14488944642857143 0.46239491250000003 0.14488944642857143 0.44769247968750003 0.9269221875 0.4635186171875 0.9304583794642857 0.47751742343750003 0.14488944642857143
0 0.4924298875 0.14430799553571427 0.478357565625 0.14370792857142858 0.464075196875 0.9275036383928572 0.478223490625 0.9289578794642858 0.4924298875 0.14430799553571427
0 0.50965273125 0.14488944642857143 0.4936900921875 0.14548950892857143 0.47982780312499995 0.9274664553571429 0.4947664734375 0.9304583794642857 0.50965273125 0.14488944642857143
0 0.5262454796875 0.14430799553571427 0.5125932203125 0.14370792857142858 0.49768075625 0.9280850892857143 0.5123598046875 0.9282076339285714 0.5262454796875 0.14430799553571427
0 0.5405278484375 0.14548950892857143 0.5279257640624999 0.14548950892857143 0.5132233312500001 0.9274850446428572 0.5265395046875 0.9282076339285714 0.5405278484375 0.14548950892857143
0 0.5277495296875 0.9236356428571428 0.5426787890625 0.9247154107142858 0.5564439 0.1432421830357143 0.541544921875 0.14332260267857144 0.5277495296875 0.9236356428571428
0 0.544946534375 0.9242089821428571 0.5572301109375 0.9242089821428571 0.568965778125 0.14391721875 0.5577970359375 0.1455156294642857 0.544946534375 0.9242089821428571
0 0.5581750015625 0.9247321607142858 0.5763168953125 0.9258119285714285 0.5871579390624999 0.14526728571428574 0.570458578125 0.1455156294642857 0.5581750015625 0.9247321607142858
0 0.5778287265625 0.9279548035714286 0.590112303125 0.9274148794642858 0.6020424359375001 0.14526728571428574 0.5891674124999999 0.14497573214285714 0.5778287265625 0.9279548035714286
0 0.592002084375 0.9268749955357143 0.6076872578125 0.9268749955357143 0.6195258124999999 0.14391721875 0.6042856609375 0.14389594196428573 0.592002084375 0.9268749955357143
0 0.6084431734375 0.9252720446428572 0.6250732375 0.9247321607142858 0.6374817140625 0.14526728571428574 0.6205377750000001 0.1455156294642857 0.6084431734375 0.9252720446428572
0 0.6325228203125 0.9246352589285715 0.6505048640625 0.9241365 0.6568026437500001 0.14168508035714286 0.6386332218749999 0.14239782589285715 0.6325228203125 0.9246352589285715
0 0.6513777796875 0.9236222678571429 0.663424003125 0.9231235089285714 0.6705818984375 0.14192995535714287 0.6578373421875 0.14192995535714287 0.6513777796875 0.9236222678571429
0 0.665693571875 0.9246352589285715 0.6777397953125 0.9226401830357143 0.685177078125 0.1423086964285714 0.67162939375 0.14241326785714287 0.665693571875 0.9246352589285715
0 0.6780889703125 0.92014634375 0.691706428125 0.9196475848214286 0.7004556187500001 0.1423086964285714 0.6861197812500001 0.1429120357142857 0.6780889703125 0.92014634375
0 0.6936268375 0.9211438839285714 0.7109105484375 0.9226401830357143 0.7187898671874999 0.13981424107142856 0.700959328125 0.1423823705357143 0.6936268375 0.9211438839285714
0 0.7128309578125 0.92363771875 0.7292417546875 0.92363771875 0.7379971765625 0.13794339732142857 0.71963969375 0.13892190178571429 0.7128309578125 0.92363771875
0 0.730481578125 0.9251736517857143 0.7437737281250001 0.9260175312500001 0.7526452515625001 0.1288286517857143 0.73830918125 0.129214625 0.730481578125 0.9251736517857143
0 0.745398321875 0.922220075892857 0.75780433125 0.9217981428571429 0.767416759375 0.13410419196428572 0.7541120671875 0.13469982142857143 0.745398321875 0.922220075892857
0 0.7597243125 0.9230509017857144 0.7768564140625001 0.9213631428571428 0.7868993765625001 0.13049349999999998 0.7684380578125001 0.1309154419642857 0.7597243125 0.9230509017857144
0 0.778481009375 0.92475171875 0.7966469515625 0.9234858883928572 0.8074844750000001 0.1267184375 0.7886716593750001 0.12797495089285713 0.778481009375 0.92475171875
0 0.7987146218750001 0.9217981428571429 0.8156990359374999 0.922220075892857 0.8274260109375 0.1325215267857143 0.8092006484375001 0.13260319196428572 0.7987146218750001 0.9217981428571429
0 0.8173236296875 0.9209542633928571 0.8316496093750001 0.9209542633928571 0.8451518203124999 0.12460821875000001 0.82958195 0.12502137500000002 0.8173236296875 0.9209542633928571
0 0.8329788375 0.9209542633928571 0.84745249375 0.9201103839285715 0.861400478125 0.12566333035714286 0.8465663640625 0.12544331250000001 0.8329788375 0.9209542633928571
0 0.848453390625 0.9187348705357143 0.8606138937500001 0.9172021428571429 0.8762377484374999 0.12596891964285714 0.863832853125 0.12669204017857144 0.848453390625 0.9187348705357143
0 0.8649058359374999 0.9213210446428571 0.8788546328125 0.9187665267857142 0.8979245875 0.1253301294642857 0.8817159374999999 0.12670785714285715 0.8649058359374999 0.9213210446428571
0 0.8829677484375 0.9213210446428571 0.8931611015625001 0.9202992321428571 0.9131277328125 0.12469134375 0.902281484375 0.12466424553571429 0.8829677484375 0.9213210446428571
0 0.8967377171875001 0.9172179732142858 0.9094347046875001 0.9161961785714287 0.930357934375 0.12570188392857143 0.9180185906249999 0.12263645982142857 0.8967377171875001 0.9172179732142858
0 0.9110441984375001 0.9151743883928571 0.9233835156250001 0.9151743883928571 0.9475583859375 0.12405255803571429 0.9362593312499999 0.12311570982142858 0.9110441984375001 0.9151743883928571