0 0.00981059375 0.993150038888889 0.030942234375 0.9920515472222222 0.031436546875 0.3404672527777778 0.0090489140625 0.3395008388888889 0.00981059375 0.993150038888889
0 0.0347731203125 0.9944682388888888 0.07110471874999999 0.993809138888889 0.0727465 0.331045575 0.0351438515625 0.32948228611111113 0.0347731203125 0.9944682388888888
0 0.0808672984375 0.9858827777777778 0.10484120625 0.9843448805555555 0.10654868437500001 0.33225346944444445 0.08111445 0.3323211916666666 0.0808672984375 0.9858827777777778
0 0.11769345312499999 0.9772973444444445 0.1296804125 0.9775170138888888 0.131904790625 0.3463991416666667 0.11996764374999999 0.3455403138888889 0.11769345312499999 0.9772973444444445
0 0.132399103125 0.9665492277777777 0.189615196875 0.9702841222222222 0.1953821875 0.39778176944444443 0.1363535703125 0.3976062888888889 0.132399103125 0.9665492277777777
0 0.1932767921875 0.9858827777777778 0.2195986703125 0.9850039916666666 0.22775473281249997 0.34068695833333335 0.1984532609375 0.3395008388888889 0.1932767921875 0.9858827777777778
0 0.22231735156250002 0.9858999583333333 0.24703273281250002 0.9810665694444445 0.2551865765625 0.3437284722222222 0.22824904531249998 0.34200514722222225 0.22231735156250002 0.9858999583333333
0 0.2502077109375 0.9854605555555556 0.2755409640625 0.9854605555555556 0.28542169687499996 0.3458422861111111 0.25922882187499996 0.34509813055555555 0.2502077109375 0.9854605555555556
0 0.278877546875 0.9843448805555555 0.29951488125000003 0.9830266916666667 0.30902207812500004 0.4023113777777778 0.287651503125 0.40112148611111115 0.278877546875 0.9843448805555555
0 0.3044579515625 0.9749149916666667 0.32188229218750003 0.9749149916666667 0.3305943265625 0.4038212444444445 0.31298475625 0.4028962611111111 0.3044579515625 0.9749149916666667
0 0.32676623125000004 0.9764356999999999 0.3522230703125 0.9759963055555556 0.3606595875 0.40261335000000004 0.334487134375 0.4013583638888889 0.32676623125000004 0.9764356999999999
0 0.3546245390625 0.9759963055555556 0.3806992609375 0.9757766083333334 0.3898687515625 0.4050291416666667 0.362603521875 0.40445133611111117 0.3546245390625 0.9759963055555556
0 0.3837886828125 0.9674452027777778 0.4175251703125 0.9652482055555556 0.4257160546875 0.46693375555555555 0.3931805203125 0.4660015388888889 0.3837886828125 0.9674452027777778
0 0.4207381640625 0.9476378972222222 0.4342080484375 0.9467591027777778 0.44015417343749996 0.45213704444444447 0.42617554531249996 0.45172107222222224 0.4207381640625 0.9476378972222222
0 0.43713082343750004 0.9531475583333334 0.451095009375 0.9540263527777777 0.45764977812499996 0.45515678055555553 0.44298200468750004 0.4545428111111111 0.43713082343750004 0.9531475583333334
0 0.4538137015625 0.9417060083333333 0.4685193515625 0.9412666138888889 0.4727673375 0.47055744166666663 0.45838603906250003 0.4701758277777778 0.4538137015625 0.9417060083333333
0 0.47099088125 0.9419085333333332 0.48458433593750005 0.9423479277777778 0.48822461875 0.468443625 0.47420388437499994 0.468418225 0.47099088125 0.9419085333333332
0 0.4860672734375 0.9300791194444444 0.5013907843750001 0.9287609305555555 0.5028325984375 0.5037745527777777 0.48915669531250006 0.5031650999999999 0.4860672734375 0.9300791194444444
0 0.666059440625 0.9377574500000001 0.7143881750000001 0.9392088194444445 0.712428925 0.4988836777777778 0.6585196828125001 0.5016204722222223 0.666059440625 0.9377574500000001
0 0.7186332734375 0.9435175055555555 0.7326747359375 0.944388325 0.7289886546875 0.5084030500000001 0.7147147171875 0.5084853611111111 0.7186332734375 0.9435175055555555
0 0.7359401812499999 0.9435629027777778 0.7475325734375 0.9435629027777778 0.744267128125 0.45072118333333333 0.7321305828125 0.4517485888888889 0.7359401812499999 0.9435629027777778
0 0.7537906578125 0.9461753472222223 0.77305684375 0.9473364333333333 0.7687116109375001 0.4497537138888889 0.748838740625 0.4509660555555556 0.7537906578125 0.9461753472222223
0 0.7759957609375 0.9441207777777778 0.802772490625 0.9452818305555556 0.7999199390625 0.4493547388888889 0.771913940625 0.4495373972222222 0.7759957609375 0.9441207777777778
0 0.8073441296875 0.9441207777777778 0.828079775 0.9441207777777778 0.8246065218749999 0.4493547388888889 0.8034255874999999 0.4495373972222222 0.8073441296875 0.9441207777777778
0 0.8364066796875 0.9426920833333333 0.8679183546875 0.9421115444444443 0.865900440625 0.44656191388888894 0.833141234375 0.44690225277777784 0.8364066796875 0.9426920833333333
0 0.8683805765624999 0.9212119361111112 0.8754013 0.9209216666666666 0.882507778125 0.508004075 0.8670743953125 0.5087983277777778 0.8683805765624999 0.9212119361111112
0 0.8987493078125001 0.9429823527777779 0.9330366078125 0.9432726333333333 0.9345740250000001 0.3934982305555556 0.8990758624999999 0.3934694583333333 0.8987493078125001 0.9429823527777779