0 0.028211692187499998 0.946130115942029 0.054044201562500005 0.9425538115942029 0.0450951078125 0.12303914009661836 0.019857895312500002 0.12274300966183575 0.028211692187499998 0.946130115942029
0 0.060084640625 0.9453664589371981 0.085017515625 0.9441743478260869 0.0787200296875 0.09211448792270532 0.0522449328125 0.09131975845410627 0.060084640625 0.9453664589371981
0 0.1018536234375 0.9203321835748792 0.1297424609375 0.9187427101449276 0.1258262765625 0.14324774879227054 0.0964557828125 0.1425804154589372 0.1018536234375 0.9203321835748792
0 0.133107315625 0.9242748115942029 0.155084228125 0.9234800628019323 0.15391083125 0.13232417391304346 0.1288661578125 0.13108777294685992 0.133107315625 0.9242748115942029
0 0.1701210671875 0.9270253429951691 0.1807882140625 0.9286148019323671 0.18040265312499998 0.15257678260869564 0.16821985625 0.15253278260869566 0.1701210671875 0.9270253429951691
0 0.185029371875 0.9262616521739131 0.205207003125 0.9266590193236716 0.20390409375 0.13887831884057972 0.1840012140625 0.139035154589372 0.185029371875 0.9262616521739131
0 0.22615575781250002 0.9309990241545895 0.23900775625 0.9294095314009663 0.236694390625 0.15492993236714975 0.223336103125 0.15635603381642513 0.22615575781250002 0.9309990241545895
0 0.40043387187499996 0.9410736763285025 0.421498334375 0.9410736763285025 0.4276234625 0.15454526086956522 0.4033552828125 0.151275961352657 0.40043387187499996 0.9410736763285025
0 0.42254409531250003 0.9582004299516907 0.44495312656249997 0.9572765845410628 0.45120086875 0.1855597922705314 0.42956558593749994 0.18360935265700484 0.42254409531250003 0.9582004299516907
0 0.4514549203125 0.9448411980676329 0.47998906718749995 0.9453031014492753 0.48672570468750004 0.15572016425120772 0.4571318796875 0.15543296618357488 0.4514549203125 0.9448411980676329
0 0.6369016421875 0.9433832512077295 0.6546794421875 0.9429213285024155 0.661700934375 0.21416749758454107 0.64482559375 0.21412965217391305 0.6369016421875 0.9433832512077295
0 0.6572191328125 0.9424233043478261 0.6702163671875 0.942885188405797 0.680375115625 0.21459329951690823 0.665992646875 0.213494768115942 0.6572191328125 0.9424233043478261
0 0.6733536250000001 0.9442709565217392 0.6909820453125 0.9438090338164251 0.70151748125 0.21603430917874397 0.6835123734375 0.21690283091787438 0.6733536250000001 0.9442709565217392
0 0.6951650640625 0.9438090338164251 0.71398863125 0.9433471111111111 0.7249269093749999 0.21603430917874397 0.7054732109375 0.21555322222222223 0.6951650640625 0.9438090338164251
0 0.7155714843750001 0.937414541062802 0.7225929890625 0.937414541062802 0.7337567828125 0.2446041690821256 0.7257302328125 0.24603916425120773 0.7155714843750001 0.937414541062802
0 0.7257302328125 0.9401498743961352 0.7318553624999999 0.9401498743961352 0.742381309375 0.2458739420289855 0.7364865609375 0.2451153381642512 0.7257302328125 0.9401498743961352
0 0.73409626875 0.946190806763285 0.7756276390625 0.9498860628019324 0.7905669843750001 0.22105999033816423 0.7462828796875 0.21857385507246377 0.73409626875 0.946190806763285
0 0.789745909375 0.317172961352657 0.7771968671875 0.9346431014492754 0.7934807453125 0.9341811835748792 0.8050117984374999 0.318250922705314 0.789745909375 0.317172961352657
0 0.799755271875 0.937414541062802 0.8226124718750001 0.937414541062802 0.8308689499999999 0.318250922705314 0.8073743421874999 0.317172961352657 0.799755271875 0.937414541062802
0 0.82649669375 0.9388363864734299 0.848606915625 0.9406840144927535 0.8577692578124999 0.32079046376811593 0.8345639453125001 0.3190205893719807 0.82649669375 0.9388363864734299
0 0.8514453906250001 0.9411459178743962 0.8753483375 0.9420697439613526 0.8871337171875 0.32713932367149756 0.861902934375 0.3264833574879227 0.8514453906250001 0.9411459178743962
0 0.8784855953124999 0.9416078405797101 0.9046294625 0.9429935458937199 0.9164981765625001 0.3277742077294686 0.8899889125 0.3282587584541063 0.8784855953124999 0.9416078405797101
0 0.906272790625 0.9421419710144928 0.9237518015624999 0.9435277004830919 0.9370327625 0.37856506763285025 0.9180748546874999 0.3778273671497585 0.906272790625 0.9421419710144928