0 0.16538540156249998 1 0 0.36315792738589214 0 0.5722113755186722 0.11077366250000001 1 0.16538540156249998 1
0 0.18645986718750002 0.22172159336099587 0.09541701875 0.25816056431535267 0.25556471875 0.9188448360995851 0.345718584375 0.8869537261410788 0.18645986718750002 0.22172159336099587
0 0.2637914828125 0.30631310995850625 0.2226576625 0.32380382780082984 0.3539467140625 0.9051625892116182 0.3954196671875 0.889746744813278 0.2637914828125 0.30631310995850625
0 0.314248953125 0.3033980082987552 0.2676306234375 0.3216174937759336 0.40364643125 0.9291539585062241 0.4492558875 0.9115356908713693 0.314248953125 0.3033980082987552
0 0.477178021875 0.21720549377593362 0.35706730000000003 0.2500005684647303 0.487653828125 0.9361176556016597 0.602224853125 0.9143818236514523 0.477178021875 0.21720549377593362
0 0.367487834375 0.3155907178423236 0.340613771875 0.32360728008298756 0.459627609375 0.9151106473029045 0.480111375 0.9060730311203319 0.367487834375 0.3155907178423236
0 0.5896104656250001 0.22595085269709544 0.49418003437499997 0.24927177385892116 0.61176145625 0.9515951887966805 0.7009460640625 0.9311437717842325 0.5896104656250001 0.22595085269709544
0 0.6471978546875 0.2755078485477178 0.604418665625 0.28789710580912864 0.709172828125 0.9551935145228216 0.7509539890625 0.9470429730290456 0.6471978546875 0.2755078485477178
0 0.6811196546875 0.28984652489626556 0.649309484375 0.2971343195020747 0.7507729078125001 0.9346038692946058 0.7859235421874999 0.9279236680497925 0.6811196546875 0.28984652489626556
0 0.786970703125 0.23518806846473028 0.6964762984374999 0.25486511825726144 0.8051225125 0.9734458257261411 0.8944670796875 0.9600049232365145 0.786970703125 0.23518806846473028
0 0.8659476046875 0.2774041701244813 0.7984881640625 0.2934373091286307 0.895015521875 0.97312294813278 0.9580285953125 0.9625205062240664 0.8659476046875 0.2774041701244813
0 0.9597327484375 0.9673458319502075 0.9992212421875 0.9622443962655602 0.9997696421875 0.6898933319502075 0.9395153031250001 0.2387181970954357 0.8664960890625 0.255647 0.9597327484375 0.9673458319502075