0 0.24977293281250001 0.21386226970954358 0.204260815625 0.2173180601659751 0.2038631046875 0.8643071867219917 0.24977293281250001 0.8644508298755187 0.24977293281250001 0.21386226970954358
0 0.2523736515625 0.868482632780083 0.30265369999999997 0.8679066327800831 0.30303096875 0.20952901452282158 0.25280709375 0.21106639626556017 0.2523736515625 0.868482632780083
0 0.3052543859375 0.8690165684647303 0.35076650468750004 0.868440612033195 0.35126014687499996 0.21096808921161825 0.30612127031249997 0.21279428630705394 0.3052543859375 0.8690165684647303
0 0.355534434375 0.8736243070539419 0.4036472703125 0.8736243070539419 0.4032826328125 0.2080899419087137 0.3551009921875 0.21040648340248963 0.355534434375 0.8736243070539419
0 0.4075896640625 0.8770767282157677 0.47737490625 0.878228663900415 0.476439253125 0.2080899419087137 0.4067227796875 0.2116390165975104 0.4075896640625 0.8770767282157677
0 0.48084250937500006 0.8745226618257261 0.5315559984375 0.8802823112033195 0.533338846875 0.20952901452282158 0.4812759515625 0.2113468195020747 0.48084250937500006 0.8745226618257261
0 0.5358904859375 0.8785124439834024 0.584436765625 0.8790884004149379 0.5902384406250001 0.20737040663900413 0.5371908453125 0.2096189273858921 0.5358904859375 0.8785124439834024
0 0.5913719390625001 0.8779784647302904 0.6412185781249999 0.8814342883817428 0.6493056375 0.20880947925311202 0.5957064265625001 0.21192279668049793 0.5913719390625001 0.8779784647302904
0 0.6468533578125 0.8797063547717843 0.7092700171875 0.8797063547717843 0.71758515 0.21024855186721994 0.6537885640625001 0.21192279668049793 0.6468533578125 0.8797063547717843
0 0.7140951609374999 0.8801018132780083 0.7760783124999999 0.8824056597510374 0.7864065625000001 0.20880947925311202 0.7214637765624999 0.20948040663900414 0.7140951609374999 0.8801018132780083
0 0.779545915625 0.8772639647302904 0.8276587187500001 0.8824476369294606 0.83632769375 0.21063231950207467 0.7908155765625 0.2129361887966805 0.779545915625 0.8772639647302904
0 0.8384949374999999 0.8777979439834025 0.9225840015625 0.8801018132780083 0.9338036046875 0.21240716182572614 0.8454301109375001 0.21519809128630707 0.8384949374999999 0.8777979439834025