0 0.0444648625 0.9285512 0.0767184296875 0.9262914367346939 0.0727465 0.254814293877551 0.0390274796875 0.2553827632653061 0.0444648625 0.9285512
0 0.08227938125 0.9195373755102041 0.10687118124999999 0.9208286693877551 0.10650045 0.27415702040816325 0.0792011875 0.27211923673469385 0.08227938125 0.9195373755102041
0 0.1108981171875 0.9213986081632654 0.1525435265625 0.9246268326530612 0.1503726234375 0.2765564 0.10879731875000001 0.2757459102040816 0.1108981171875 0.9213986081632654
0 0.15588010000000002 0.9247025632653062 0.2001206109375 0.9234112734693878 0.19996841406250002 0.27921870204081634 0.153408559375 0.2783537306122449 0.15588010000000002 0.9247025632653062
0 0.203749825 0.9224175551020408 0.2456423859375 0.921449081632653 0.2492312765625 0.28054984897959184 0.2035026734375 0.2789993755102041 0.203749825 0.9224175551020408
0 0.254672859375 0.9204553632653061 0.29273453437499997 0.9194869020408164 0.2922093125 0.2814372816326531 0.254672859375 0.28053777959183673 0.254672859375 0.9204553632653061
0 0.301879221875 0.9182208408163265 0.34587258125 0.9195121346938776 0.346564584375 0.2840995836734694 0.300767028125 0.28155672653061226 0.301879221875 0.9182208408163265
0 0.3552216171875 0.9185436734693878 0.39983286875 0.9185436734693878 0.40074660156249997 0.2845432979591837 0.353367959375 0.2860762612244898 0.3552216171875 0.9185436734693878
0 0.41169624687499995 0.9127076040816327 0.433940078125 0.9143217142857142 0.432850184375 0.2872055959183673 0.40984258906250004 0.2854306204081633 0.41169624687499995 0.9127076040816327
0 0.442684053125 0.9111187183673469 0.466657971875 0.9114415510204081 0.4632483703125 0.28365586530612247 0.43897674843749995 0.28379124897959185 0.442684053125 0.9111187183673469
0 0.4775327359375 0.9133532408163265 0.510033459375 0.9107706571428572 0.5009573406250001 0.2832121469387755 0.46888235 0.2851330285714286 0.4775327359375 0.9133532408163265
0 0.516240625 0.910745424489796 0.5478763046874999 0.9081628367346939 0.5379800765625 0.2863181632653061 0.5062308953125 0.2893549836734694 0.516240625 0.910745424489796
0 0.5503478453125 0.9049598285714285 0.5693786937499999 0.9039913673469387 0.5602317671875 0.3071728408163265 0.542068190625 0.3083510979591837 0.5503478453125 0.9049598285714285
0 0.57222094375 0.9114163102040816 0.6081818109375 0.9101250163265305 0.5989598984375 0.28276843265306123 0.56307625625 0.28577867755102043 0.57222094375 0.9114163102040816
0 0.6104236015625 0.9104225918367347 0.6514511187500001 0.912036706122449 0.6460179765625 0.28365586530612247 0.60350329375 0.2876651306122449 0.6104236015625 0.9104225918367347
0 0.6519547890624999 0.8949270571428571 0.6775352031249999 0.8955727102040816 0.673708590625 0.36796200408163265 0.64738245 0.37008614285714286 0.6519547890624999 0.8949270571428571
0 0.6792652796875001 0.8968640040816327 0.7078115359375 0.8971868244897958 0.7039437109375 0.36663085306122445 0.675557975 0.3684720244897959 0.6792652796875001 0.8968640040816327
0 0.7091708828125001 0.8985033591836734 0.7380878703125 0.897857706122449 0.7346884124999999 0.36574342040816327 0.706081459375 0.3678263755102041 0.7091708828125001 0.8985033591836734
0 0.751145278125 0.9176004448979591 0.7751192078125 0.9169548040816327 0.77240050625 0.2844873836734694 0.748956671875 0.2840995836734694 0.751145278125 0.9176004448979591
0 0.7778378874999999 0.9172523795918367 0.8014410640625 0.9166067265306123 0.8007640421875 0.2840995836734694 0.776231390625 0.2841140693877551 0.7778378874999999 0.9172523795918367
0 0.8045304859375 0.9198097224489796 0.827145059375 0.9188412489795919 0.8274320968750001 0.2814372816326531 0.8042833359375001 0.28187954693877554 0.8045304859375 0.9198097224489796
0 0.8303580734375 0.9185436734693878 0.8574213828125 0.9172523795918367 0.8591959609375 0.2863181632653061 0.8308523640625 0.2861267469387755 0.8303580734375 0.9185436734693878
0 0.8622039562499999 0.9178727755102041 0.8916152453124999 0.9165814816326531 0.8942472921875 0.28381650612244896 0.8651410687500001 0.28276843265306123 0.8622039562499999 0.9178727755102041
0 0.918431425 0.9013835224489796 0.943146796875 0.9013835224489796 0.9453083015624999 0.33512697959183674 0.920161503125 0.3354935306122449 0.918431425 0.9013835224489796
0 0.8917388265625 0.897857706122449 0.9171956609375 0.8972120653061225 0.9199143624999999 0.3377532857142857 0.8950296734375 0.33823299591836736 0.8917388265625 0.897857706122449