0 0.07666253437500001 0.8989756203319502 0.13421971875 0.8997849543568465 0.15675533749999998 0.1665395622406639 0.10020875468749998 0.16591716804979253 0.07666253437500001 0.8989756203319502
0 0.1357423953125 0.9006532717842323 0.187208871875 0.9018672655601659 0.2056716234375 0.1669282406639004 0.1573643984375 0.16697371784232365 0.1357423953125 0.9006532717842323
0 0.18751340156250002 0.9034269564315353 0.2283211421875 0.9038316078838174 0.24412559374999998 0.1654116307053942 0.2066991140625 0.16578921576763486 0.18751340156250002 0.9034269564315353
0 0.2514240046875 0.9039319107883818 0.29070906875 0.9039319107883818 0.2993317890625 0.16996146058091285 0.26147368125 0.17071598340248964 0.2514240046875 0.9039319107883818
0 0.30715398125000004 0.904741213692946 0.34643902187500003 0.9067645414937759 0.3510070515625 0.17146633402489625 0.31379961875 0.17147807261410788 0.30715398125000004 0.904741213692946
0 0.3549660203125 0.9091630352697095 0.39638282187499996 0.9091630352697095 0.4051753890625 0.17248914522821576 0.36562475625 0.17146633402489625 0.3549660203125 0.9091630352697095
0 0.4030826125 0.9107522116182573 0.4572898890625 0.9103475352697096 0.4607623171875 0.16945592531120332 0.413132265625 0.17022283402489627 0.4030826125 0.9107522116182573
0 0.4583857171875 0.9107545705394191 0.5180746625 0.9107545705394191 0.5243446234375 0.17501682987551867 0.4663036546875 0.17346252904564316 0.4583857171875 0.9107545705394191
0 0.521120015625 0.9123732219917012 0.5814179984375001 0.9123732219917012 0.582977409375 0.17552236514522823 0.5272107218750001 0.17551534647302905 0.521120015625 0.9123732219917012
0 0.58689964375 0.9132120477178424 0.646893096875 0.9140214128630705 0.6454175203125 0.17501682987551867 0.5890313828125 0.17669984854771784 0.58689964375 0.9132120477178424
0 0.6484157734375 0.9152058817427385 0.7138908703125 0.9156105580912863 0.7120456859375001 0.17350021991701245 0.6487203265625 0.1762951742738589 0.6484157734375 0.9152058817427385
0 0.714195425 0.91598572406639 0.759875725 0.91598572406639 0.75697210625 0.17501682987551867 0.7144999328125 0.17669984854771784 0.714195425 0.91598572406639
0 0.7613682140625 0.9153981846473029 0.8259296968750001 0.9162075186721992 0.8194122171875 0.1765334398340249 0.758627390625 0.17891547717842324 0.7613682140625 0.9153981846473029
0 0.8308022578125 0.9206883381742739 0.888054909375 0.9198790041493776 0.8810908625 0.17350021991701245 0.8231888734374999 0.17327964730290457 0.8308022578125 0.9206883381742739
0 0.895059209375 0.9198495124481327 0.9480483625 0.918635520746888 0.9343933953124999 0.17248914522821576 0.8828777953125 0.17244084647302904 0.895059209375 0.9198495124481327
0 0.9489619781249999 0.9097623713692946 0.9979921859375 0.9073343692946059 0.9789390828125001 0.20282135062240664 0.9352578875 0.2048435580912863 0.9489619781249999 0.9097623713692946