0 0.0046176671875 0.9054409875518672 0.08869579375 0.90260055186722 0.093623709375 0.19469102489626558 0.004261409375 0.18861761410788383 0.0046176671875 0.9054409875518672
0 0.147479234375 0.8657442634854772 0.17348646406249998 0.8662176576763485 0.1421726390625 0.3005527904564315 0.11434676562499999 0.3031462136929461 0.147479234375 0.8657442634854772
0 0.17704909687499998 0.8652363858921163 0.201987525 0.8647629564315352 0.1715692390625 0.30173560373443986 0.1432040859375 0.3040585186721992 0.17704909687499998 0.8652363858921163
0 0.203412584375 0.8676033921161826 0.2276384703125 0.8666565497925312 0.199184228125 0.3005527904564315 0.17313020625 0.3035506037344398 0.203412584375 0.8676033921161826
0 0.23547625156250002 0.8657097427385891 0.2800091609375 0.8638161493775933 0.273596465625 0.31778714315352696 0.2218997828125 0.31711217427385896 0.23547625156250002 0.8657097427385891
0 0.2800091609375 0.8680422489626556 0.3323799046875 0.8670954605809129 0.330578121875 0.31652076763485476 0.2778716125 0.315351132780083 0.2800091609375 0.8680422489626556
0 0.3366182578125 0.8658222717842323 0.380082365625 0.8677158485477178 0.38447188906249996 0.32006920539419087 0.3351932 0.31742622199170123 0.3366182578125 0.8658222717842323
0 0.38400125625000003 0.8696094419087137 0.429246709375 0.8710296410788382 0.43658404375000004 0.3159293609958506 0.3914827796875 0.3130966161825726 0.38400125625000003 0.8696094419087137
0 0.438153290625 0.8449925746887967 0.489098921875 0.8445191804979253 0.49315022812500003 0.4578669232365145 0.4434972390625 0.45609829460580914 0.438153290625 0.8449925746887967
0 0.4919490390625 0.8435378734439835 0.541825896875 0.8468516846473029 0.5443715765625 0.4578669232365145 0.494442871875 0.45795738589211615 0.4919490390625 0.8435378734439835
0 0.5453885296875 0.8454659875518673 0.578521025 0.8454659875518673 0.5773314015625 0.3679731348547718 0.5446760140625 0.36804565560165975 0.5453885296875 0.8454659875518673
0 0.579233540625 0.8444846804979252 0.6116535203125 0.844011286307054 0.611627434375 0.36738172821576764 0.579233540625 0.36753775933609956 0.579233540625 0.8444846804979252
0 0.6120097515625 0.8435723755186721 0.6298229156249999 0.8421521742738589 0.6330067796875001 0.3679731348547718 0.614147353125 0.3684845746887967 0.6120097515625 0.8435723755186721
0 0.631248 0.8435723755186721 0.64834859375 0.8426255684647304 0.656613140625 0.36915594605809127 0.6408670984375 0.3694313630705394 0.631248 0.8435723755186721
0 0.6504861953125001 0.8468861867219917 0.66865564375 0.8454659875518673 0.6766562765625 0.3685645394190872 0.6597490625 0.36895796058091285 0.6504861953125001 0.8468861867219917
0 0.669053578125 0.8450008734439833 0.6879355421875 0.8440540663900415 0.700708040625 0.3679731348547718 0.68187905 0.36801943360995854 0.669053578125 0.8450008734439833
0 0.690073115625 0.8450353568464731 0.7118051703125 0.8445619979253113 0.7265414171875 0.3667903215767635 0.7071737640625 0.3661948423236514 0.690073115625 0.8450353568464731
0 0.715367803125 0.8507161742738588 0.7388811734375 0.8511895871369294 0.7563834203125 0.365016101659751 0.7324684515625 0.3638278360995851 0.715367803125 0.8507161742738588
0 0.7588319390625 0.872931570539419 0.77985145 0.8719847282157677 0.789470575 0.29799055809128633 0.7670259781250001 0.29751717427385893 0.7588319390625 0.872931570539419
0 0.7805639921874999 0.8668118236514523 0.8012272734374999 0.8663384294605809 0.808050171875 0.30410123029045644 0.7884017734375 0.3046526846473029 0.7805639921874999 0.8668118236514523
0 0.8910056078125 0.9566545518672198 0.92734445 0.9566545518672198 0.93632624375 0.23549807468879666 0.9016935046875 0.23600951659751038 0.8910056078125 0.9566545518672198